1 38771U 12049A   13001.30683292 -.00000109  00000-0 -29853-4 0  1029
2 38771  98.7267  63.7881 0001633 317.7328  42.3723 14.21473300 15006
1 38771U 12049A   13002.64422742  .00000027  00000-0  32372-4 0  1036
2 38771  98.7261  65.1098 0001550 312.4157  47.6903 14.21474167 15196
1 38771U 12049A   13004.19278808  .00000216  00000-0  11900-3 0  1044
2 38771  98.7257  66.6411 0001557 308.2858  51.8179 14.21475578 15418
1 38771U 12049A   13005.24862544 -.00000075  00000-0 -14271-4 0  1058
2 38771  98.7254  67.6849 0001565 304.1870  55.9134 14.21474544 15563
1 38771U 12049A   13006.72679862 -.00000066  00000-0 -10126-4 0  1067
2 38771  98.7256  69.1461 0001519 296.5352  63.5684 14.21474571 15778
1 38771U 12049A   13008.20496920  .00000257  00000-0  13773-3 0  1075
2 38771  98.7257  70.6076 0001475 288.8236  71.2789 14.21476477 15986
1 38771U 12049A   13009.68314055  .00000022  00000-0  30104-4 0  1085
2 38771  98.7262  72.0693 0001430 282.9559  77.1459 14.21475983 16191
1 38771U 12049A   13010.73897746 -.00000123  00000-0 -36103-4 0  1096
2 38771  98.7262  73.1131 0001414 280.8401  79.2601 14.21475365 16348
1 38771U 12049A   13011.79481446  .00000001  00000-0  20479-4 0  1103
2 38771  98.7260  74.1567 0001365 277.3477  82.7557 14.21475960 16495
1 38771U 12049A   13013.20259486  .00000224  00000-0  12272-3 0  1117
2 38771  98.7249  75.5484 0001373 269.6520  90.4509 14.21477582 16694
1 38771U 12049A   13014.61037504  .00000222  00000-0  12146-3 0  1127
2 38771  98.7243  76.9397 0001358 261.7283  98.3744 14.21478281 16895
1 38771U 12049A   13015.73659957  .00000029  00000-0  33346-4 0  1135
2 38771  98.7236  78.0525 0001404 254.0593 106.0416 14.21477646 17050
1 38771U 12049A   13017.00360250  .00000039  00000-0  37761-4 0  1149
2 38771  98.7232  79.3044 0001358 253.5536 106.5494 14.21477896 17233
1 38771U 12049A   13018.20021485  .00000155  00000-0  91150-4 0  1158
2 38771  98.7226  80.4873 0001367 249.0901 111.0138 14.21478958 17400
1 38771U 12049A   13019.67838296 -.00000006  00000-0  17471-4 0  1167
2 38771  98.7231  81.9487 0001495 235.5648 124.5385 14.21478745 17613
1 38771U 12049A   13020.80460699 -.00000127  00000-0 -37784-4 0  1177
2 38771  98.7229  83.0617 0001440 234.6237 125.4789 14.21478188 17778
1 38771U 12049A   13022.07160914  .00000014  00000-0  26633-4 0  1180
2 38771  98.7230  84.3137 0001456 227.7985 132.3101 14.21478950 17953
1 38771U 12049A   13023.19783112  .00000197  00000-0  11030-3 0  1192
2 38771  98.7228  85.4270 0001491 224.0844 136.0220 14.21480144 18113
1 38771U 12049A   13024.74638761 -.00000011  00000-0  15106-4 0  1200
2 38771  98.7228  86.9578 0001547 218.2640 141.8416 14.21479614 18336
1 38771U 12049A   13026.01338940 -.00000124  00000-0 -36400-4 0  1215
2 38771  98.7224  88.2099 0001542 213.0154 147.0926 14.21479046 18516
1 38771U 12049A   13027.13961194  .00000117  00000-0  73574-4 0  1226
2 38771  98.7222  89.3230 0001543 210.8474 149.2637 14.21480412 18673
1 38771U 12049A   13028.19544486  .00000195  00000-0  10915-3 0  1230
2 38771  98.7218  90.3665 0001624 204.6795 155.4310 14.21481065 18828
1 38771U 12049A   13029.18088902  .00000068  00000-0  50936-4 0  1244
2 38771  98.7212  91.3400 0001661 200.4071 159.7021 14.21480850 18964
1 38771U 12049A   13030.23672313 -.00000093  00000-0 -22639-4 0  1257
2 38771  98.7209  92.3832 0001636 198.1409 161.9702 14.21480244 19116
1 38771U 12049A   13031.78527841  .00000042  00000-0  39094-4 0  1269
2 38771  98.7210  93.9131 0001770 191.3318 168.7819 14.21480996 19332
1 38771U 12049A   13033.05227772  .00000131  00000-0  80164-4 0  1275
2 38771  98.7210  95.1650 0001738 188.1719 171.9430 14.21481756 19515
1 38771U 12049A   13034.17849915 -.00000030  00000-0  62547-5 0  1284
2 38771  98.7203  96.2782 0001885 183.9246 176.1898 14.21481322 19677
1 38771U 12049A   13035.37511045 -.00000080  00000-0 -16308-4 0  1297
2 38771  98.7202  97.4603 0001989 180.1003 180.0178 14.21481073 19843
1 38771U 12049A   13036.71249817  .00000005  00000-0  22236-4 0  1305
2 38771  98.7206  98.7820 0002115 175.9950 184.1247 14.21481650 20033
1 38771U 12049A   13038.04988585  .00000091  00000-0  61474-4 0  1318
2 38771  98.7207 100.1036 0002125 171.7276 188.3936 14.21482280 20229
1 38771U 12049A   13039.24649584 -.00000035  00000-0  39725-5 0  1329
2 38771  98.7200 101.2862 0002118 168.2833 191.8379 14.21481962 20397
1 38771U 12049A   13040.37271756 -.00000045  00000-0 -53870-6 0  1338
2 38771  98.7199 102.3987 0002147 165.9103 194.2133 14.21481874 20555
1 38771U 12049A   13041.63971613  .00000098  00000-0  64841-4 0  1342
2 38771  98.7197 103.6503 0002248 163.5667 196.5609 14.21482810 20736
1 38771U 12049A   13042.76593565  .00000229  00000-0  12455-3 0  1353
2 38771  98.7195 104.7629 0002178 159.5695 200.5555 14.21483771 20893
1 38771U 12049A   13044.10332257 -.00000015  00000-0  13214-4 0  1362
2 38771  98.7190 106.0844 0002412 157.4939 202.6329 14.21483067 21083
1 38771U 12049A   13045.22954402 -.00000155  00000-0 -50869-4 0  1372
2 38771  98.7185 107.1968 0002432 154.5151 205.6150 14.21482416 21242
1 38771U 12049A   13046.35576363  .00000067  00000-0  50786-4 0  1382
2 38771  98.7179 108.3091 0002430 151.9030 208.2283 14.21483613 21404
1 38771U 12049A   13047.62276048  .00000214  00000-0  11808-3 0  1396
2 38771  98.7180 109.5607 0002488 148.8328 211.3000 14.21484707 21586
1 38771U 12049A   13049.24170188 -.00000092  00000-0 -21994-4 0  1400
2 38771  98.7175 111.1602 0002514 145.1429 214.9902 14.21483600 21813
1 38771U 12049A   13050.36792229 -.00000091  00000-0 -21352-4 0  1419
2 38771  98.7172 112.2722 0002503 142.1564 217.9789 14.21483481 21970
1 38771U 12049A   13051.63491881  .00000112  00000-0  71108-4 0  1427
2 38771  98.7175 113.5241 0002638 140.1700 219.9692 14.21484774 22154
1 38771U 12049A   13053.18346995  .00000045  00000-0  40575-4 0  1434
2 38771  98.7171 115.0536 0002671 135.5603 224.5775 14.21484746 22378
1 38771U 12049A   13054.23930121 -.00000143  00000-0 -45346-4 0  1444
2 38771  98.7171 116.0965 0002673 132.7149 227.4252 14.21484059 22527
1 38771U 12049A   13055.64707530 -.00000057  00000-0 -60197-5 0  1453
2 38771  98.7172 117.4866 0002678 129.2314 230.9102 14.21484401 22729
1 38771U 12049A   13057.19562528  .00000170  00000-0  97698-4 0  1461
2 38771  98.7164 119.0163 0002774 126.3525 233.7910 14.21485920 22946
1 38771U 12049A   13058.46262202  .00000004  00000-0  21880-4 0  1475
2 38771  98.7165 120.2709 0003268 127.7854 232.3620 14.21485836 23126
1 38771U 12049A   13059.80000609  .00000023  00000-0  30658-4 0  1480
2 38771  98.7162 121.5918 0003266 125.5027 234.6455 14.21485876 23311
1 38771U 12049A   13061.20777869  .00000047  00000-0  41418-4 0  1499
2 38771  98.7161 122.9819 0003299 122.6843 237.4653 14.21485922 23510
1 38771U 12049A   13062.75632864  .00000041  00000-0  38810-4 0  1503
2 38771  98.7158 124.5111 0003310 120.1173 240.0333 14.21486207 23738
1 38771U 12049A   13064.16410079  .00000057  00000-0  46071-4 0  1518
2 38771  98.7155 125.9013 0003340 117.4951 242.6566 14.21486519 23931
1 38771U 12049A   13065.78303824  .00000086  00000-0  59418-4 0  1528
2 38771  98.7149 127.5000 0003333 114.7115 245.4409 14.21486699 24164
1 38771U 12049A   13067.19081017  .00000088  00000-0  60182-4 0  1535
2 38771  98.7144 128.8902 0003291 111.9219 248.2309 14.21487135 24369
1 38771U 12049A   13068.73935888  .00000057  00000-0  45966-4 0  1540
2 38771  98.7140 130.4194 0003296 108.8654 251.2881 14.21487637 24580
1 38771U 12049A   13069.79518689  .00000072  00000-0  53037-4 0  1559
2 38771  98.7137 131.4619 0003287 106.7792 253.3746 14.21487759 24734
1 38771U 12049A   13071.13256906  .00000078  00000-0  55529-4 0  1566
2 38771  98.7139 132.7823 0003271 104.3820 255.7720 14.21488124 24922
1 38771U 12049A   13072.18839714  .00000071  00000-0  52300-4 0  1574
2 38771  98.7134 133.8249 0003282 102.5694 257.5850 14.21488499 25078
1 38771U 12049A   13073.24422491  .00000045  00000-0  40589-4 0  1580
2 38771  98.7135 134.8672 0003277 100.3300 259.8247 14.21488844 25220
1 38771U 12049A   13076.20054099 -.00000149  00000-0 -48137-4 0  1599
2 38771  98.7113 137.7833 0003067  85.8341 274.3204 14.21489170 25640
1 38771U 12049A   13077.18597932  .00000116  00000-0  72919-4 0  1604
2 38771  98.7113 138.7552 0003105  84.3020 275.8530 14.21489761 25789
1 38771U 12049A   13078.24180600  .00000067  00000-0  50717-4 0  1610
2 38771  98.7128 139.8009 0003207  90.6960 269.4584 14.21489899 25937
1 38771U 12049A   13079.79035088  .00000113  00000-0  71591-4 0  1626
2 38771  98.7123 141.3298 0003186  87.7949 272.3593 14.21490273 26156
1 38771U 12049A   13081.12773057  .00000112  00000-0  71178-4 0  1632
2 38771  98.7121 142.6498 0003116  85.3127 274.8406 14.21490465 26349
1 38771U 12049A   13082.18355697  .00000066  00000-0  50195-4 0  1640
2 38771  98.7117 143.6923 0003119  83.0123 277.1409 14.21490729 26490
1 38771U 12049A   13083.23938272  .00000056  00000-0  45446-4 0  1656
2 38771  98.7117 144.7343 0003054  81.1054 279.0469 14.21490932 26648
1 38771U 12049A   13084.43601521 -.00000012  00000-0  00000+0 0    17
2 38771  98.7128 145.9119 0002785  63.8159 296.3926 14.21487187 87215
1 38771U 12049A   13084.71753847  .00000051  00000-0  43141-4 0  1669
2 38771  98.7110 146.1936 0003014  78.0252 282.1263 14.21491100 26854
1 38771U 12049A   13086.12530578  .00000053  00000-0  44354-4 0  1670
2 38771  98.7108 147.5832 0002951  75.0723 285.0781 14.21491443 27050
1 38771U 12049A   13087.18113129  .00000028  00000-0  32981-4 0  1682
2 38771  98.7110 148.6252 0002940  73.0624 287.0876 14.21491883 27209
1 38771U 12049A   13088.23695623  .00000035  00000-0  35913-4 0  1690
2 38771  98.7106 149.6676 0002917  70.9538 289.1955 14.21491999 27354
1 38771U 12049A   13089.78549891  .00000058  00000-0  46590-4 0  1706
2 38771  98.7106 151.1961 0002856  68.4247 291.7235 14.21492048 27570
1 38771U 12049A   13091.12287675  .00000086  00000-0  59293-4 0  1712
2 38771  98.7104 152.5160 0002772  65.4554 294.6912 14.21492241 27769
1 38771U 12049A   13092.17870123  .00000088  00000-0  60314-4 0  1723
2 38771  98.7105 153.5579 0002701  63.1127 297.0326 14.21492603 27913
1 38771U 12049A   13093.23452544  .00000091  00000-0  61656-4 0  1739
2 38771  98.7102 154.6001 0002677  60.8149 299.3296 14.21492846 28069
1 38771U 12049A   13094.64229055  .00000119  00000-0  74180-4 0  1742
2 38771  98.7099 155.9895 0002596  57.9477 302.1952 14.21493081 28266
1 38771U 12049A   13096.19083221  .00000140  00000-0  83780-4 0  1758
2 38771  98.7096 157.5176 0002513  54.4731 305.6680 14.21493590 28482
1 38771U 12049A   13097.38743239  .00000113  00000-0  71748-4 0  1764
2 38771  98.7095 158.6985 0002456  51.9194 308.2204 14.21494012 28652
1 38771U 12049A   13098.72480816  .00000123  00000-0  76111-4 0  1773
2 38771  98.7091 160.0186 0002376  48.8411 311.2971 14.21494285 28844
1 38771U 12049A   13100.13257186  .00000170  00000-0  97926-4 0  1784
2 38771  98.7091 161.4077 0002301  45.5844 314.5522 14.21494933 29041
1 38771U 12049A   13101.68111174  .00000122  00000-0  75701-4 0  1796
2 38771  98.7087 162.9361 0002201  41.9813 318.1532 14.21495616 29256
1 38771U 12049A   13102.73693402  .00000106  00000-0  68388-4 0  1809
2 38771  98.7085 163.9779 0002191  39.9826 320.1512 14.21496153 29402
1 38771U 12049A   13104.14469608  .00000087  00000-0  59878-4 0  1818
2 38771  98.7085 165.3670 0002117  36.7379 323.3943 14.21496376 29606
1 38771U 12049A   13105.20051760  .00000073  00000-0  53357-4 0  1824
2 38771  98.7084 166.4088 0002016  33.5180 326.6124 14.21496526 29753
1 38771U 12049A   13106.67866770  .00000050  00000-0  43057-4 0  1833
2 38771  98.7082 167.8671 0001920  29.5185 330.6100 14.21496976 29968
1 38771U 12049A   13107.80487665  .00000051  00000-0  43150-4 0  1847
2 38771  98.7081 168.9782 0001866  26.5418 333.5855 14.21497101 30127
1 38771U 12049A   13112.16893606  .00000091  00000-0  61796-4 0  1882
2 38771  98.7074 173.2846 0001602  12.1591 347.9625 14.21497868 30742
1 38771U 12049A   13114.70292367  .00000044  00000-0  40218-4 0  1908
2 38771  98.7069 175.7845 0001310   3.8876 356.2311 14.21475413 31110
1 38771U 12049A   13116.18109590  .00000035  00000-0  36092-4 0  1913
2 38771  98.7069 177.2429 0001252 358.8370   1.2804 14.21475892 31320
1 38771U 12049A   13117.23693279  .00000040  00000-0  38418-4 0  1923
2 38771  98.7071 178.2846 0001236 358.0676   2.0496 14.21476318 31476
1 38771U 12049A   13118.78549259  .00000059  00000-0  47158-4 0  1934
2 38771  98.7070 179.8123 0001119 348.8769  11.2383 14.21476395 31696
1 38771U 12049A   13120.12288545  .00000098  00000-0  64750-4 0  1944
2 38771  98.7070 181.1316 0001090 343.4060  16.7081 14.21476743 31882
1 38771U 12049A   13121.24911066  .00000137  00000-0  82797-4 0  1955
2 38771  98.7068 182.2428 0001035 335.8366  24.2762 14.21477253 32044
1 38771U 12049A   13125.33167366  .00000134  00000-0  81304-4 0  1988
2 38771  98.7063 186.2701 0000875 312.7460  47.3644 14.21478736 32623
1 38771U 12049A   13127.72489866  .00000108  00000-0  69508-4 0  2002
2 38771  98.7057 188.6314 0000818 300.5523  59.5574 14.21479611 32961
1 38771U 12049A   13129.13267729  .00000092  00000-0  62204-4 0  2010
2 38771  98.7056 190.0203 0000825 289.6924  70.4165 14.21480043 33166
1 38771U 12049A   13130.18851126  .00000073  00000-0  53515-4 0  2022
2 38771  98.7058 191.0617 0000852 280.4652  79.6430 14.21480568 33310
1 38771U 12049A   13131.38512255  .00000070  00000-0  52172-4 0  2038
2 38771  98.7056 192.2421 0000888 271.4029  88.7047 14.21480935 33482
1 38771U 12049A   13132.72251106  .00000076  00000-0  54820-4 0  2041
2 38771  98.7056 193.5614 0000934 262.1899  97.9172 14.21481255 33672
1 38771U 12049A   13134.13028834  .00000113  00000-0  71806-4 0  2054
2 38771  98.7056 194.9499 0000991 253.7710 106.3359 14.21481611 33879
1 38771U 12049A   13135.18612122  .00000080  00000-0  56785-4 0  2062
2 38771  98.7057 195.9911 0001069 248.3690 111.7373 14.21482080 34029
1 38771U 12049A   13136.66428650  .00000108  00000-0  69482-4 0  2077
2 38771  98.7056 197.4492 0001147 241.2391 118.8671 14.21482507 34232
1 38771U 12049A   13137.79050697  .00000138  00000-0  83238-4 0  2083
2 38771  98.7054 198.5600 0001189 235.6636 124.4429 14.21482877 34399
1 38771U 12049A   13139.12789410  .00000143  00000-0  85445-4 0  2093
2 38771  98.7052 199.8790 0001225 231.2220 128.8848 14.21483571 34589
1 38771U 12049A   13140.18372570  .00000138  00000-0  83103-4 0  2101
2 38771  98.7051 200.9203 0001252 227.0468 133.0604 14.21484034 34738
1 38771U 12049A   13141.80266665  .00000106  00000-0  68416-4 0  2114
2 38771  98.7048 202.5172 0001306 220.1282 139.9799 14.21484401 34968
1 38771U 12049A   13143.70316154  .00000130  00000-0  79445-4 0  2137
2 38771  98.7046 204.3921 0001511 214.2860 145.8219 14.21485018 35231
1 38771U 12049A   13144.75899217  .00000116  00000-0  72840-4 0  2146
2 38771  98.7045 205.4336 0001523 210.6432 149.4656 14.21485666 35380
1 38771U 12049A   13145.81482218  .00000089  00000-0  60755-4 0  2155
2 38771  98.7044 206.4750 0001564 206.8650 153.2446 14.21486199 35533
1 38771U 12049A   13147.08181750  .00000065  00000-0  49940-4 0  2161
2 38771  98.7044 207.7246 0001634 203.0830 157.0274 14.21486359 35713
1 38771U 12049A   13148.13764672  .00000071  00000-0  52234-4 0  2176
2 38771  98.7044 208.7658 0001704 199.7548 160.3563 14.21486569 35863
1 38771U 12049A   13149.19347600  .00000068  00000-0  51005-4 0  2183
2 38771  98.7045 209.8070 0001776 197.0112 163.1006 14.21486898 36017
1 38771U 12049A   13150.31969360  .00000061  00000-0  47899-4 0  2192
2 38771  98.7046 210.9178 0001863 194.6297 165.4827 14.21487213 36179
1 38771U 12049A   13151.72746501  .00000075  00000-0  54330-4 0  2203
2 38771  98.7046 212.3061 0001987 192.1817 167.9312 14.21487435 36378
1 38771U 12049A   13153.13523647  .00000085  00000-0  59066-4 0  2217
2 38771  98.7044 213.6945 0002036 187.3386 172.7762 14.21487764 36574
1 38771U 12049A   13154.26145347  .00000096  00000-0  63858-4 0  2226
2 38771  98.7042 214.8054 0002095 184.0436 176.0724 14.21488052 36735
1 38771U 12049A   13155.73961304  .00000028  00000-0  32902-4 0  2230
2 38771  98.7040 216.2634 0002151 179.7424 180.3755 14.21488566 36949
1 38771U 12049A   13156.79544070  .00000039  00000-0  37704-4 0  2242
2 38771  98.7038 217.3047 0002211 177.5635 182.5554 14.21488657 37092
1 38771U 12049A   13158.27359949  .00000051  00000-0  43461-4 0  2258
2 38771  98.7036 218.7625 0002319 175.0255 185.0946 14.21489217 37307
1 38771U 12049A   13159.75175801  .00000031  00000-0  34038-4 0  2264
2 38771  98.7035 220.2203 0002410 172.2765 187.8449 14.21489773 37511
1 38771U 12049A   13161.15952735  .00000018  00000-0  28031-4 0  2272
2 38771  98.7035 221.6086 0002480 169.2715 190.8516 14.21489994 37719
1 38771U 12049A   13162.21535410  .00000026  00000-0  32086-4 0  2282
2 38771  98.7035 222.6497 0002538 166.9869 193.1374 14.21490076 37861
1 38771U 12049A   13163.27118094  .00000029  00000-0  33239-4 0  2299
2 38771  98.7035 223.6908 0002592 164.6486 195.4770 14.21490297 38017
1 38771U 12049A   13163.76390017  .00000025  00000-0  31349-4 0  2308
2 38771  98.7035 224.1767 0002613 163.4064 196.7199 14.21490397 38086
1 38771U 12049A   13165.17166894  .00000005  00000-0  22098-4 0  2319
2 38771  98.7035 225.5648 0002680 160.8704 199.2575 14.21490769 38286
1 38771U 12049A   13166.22749506  .00000017  00000-0  27815-4 0  2329
2 38771  98.7035 226.6060 0002722 158.4864 201.6428 14.21490837 38431
1 38771U 12049A   13167.77604000  .00000042  00000-0  39218-4 0  2338
2 38771  98.7034 228.1331 0002797 155.5189 204.6121 14.21490844 38653
1 38771U 12049A   13169.18380830  .00000056  00000-0  45429-4 0  2344
2 38771  98.7033 229.5214 0002849 152.7534 207.3793 14.21491256 38853
1 38771U 12049A   13172.14012042  .00000069  00000-0  51609-4 0  2353
2 38771  98.7030 232.4369 0002966 145.5069 214.6301 14.21492007 39275
1 38771U 12049A   13173.40711089  .00000055  00000-0  45219-4 0  2366
2 38771  98.7029 233.6864 0003008 144.1293 216.0086 14.21492629 39454
1 38771U 12049A   13174.46293614  .00000025  00000-0  31414-4 0  2372
2 38771  98.7028 234.7275 0003041 142.5919 217.5471 14.21493058 39603
1 38771U 12049A   13175.80031409  .00000026  00000-0  31860-4 0  2380
2 38771  98.7027 236.0462 0003081 139.2482 220.8926 14.21493300 39799
1 38771U 12049A   13177.13769156  .00000046  00000-0  40838-4 0  2393
2 38771  98.7027 237.3649 0003101 136.9033 223.2387 14.21493468 39983
1 38771U 12049A   13178.26390417  .00000045  00000-0  40339-4 0  2405
2 38771  98.7028 238.4753 0003131 135.1422 225.0008 14.21493682 40146
1 38771U 12049A   13179.39011659  .00000007  00000-0  23002-4 0  2415
2 38771  98.7029 239.5856 0003143 133.7580 226.3858 14.21493946 40303
1 38771U 12049A   13180.23477572  .00000002  00000-0  20945-4 0  2430
2 38771  98.7029 240.4184 0003168 131.5974 228.5476 14.21494133 40420
1 38771U 12049A   13180.44595331  .00000080  00000-0  36656-4 0  2350
2 38771  98.7027 240.6226 0002348 130.1363 230.0627 14.21492467 40450
1 38771U 12049A   13181.29059930  .00000018  00000-0  28107-4 0  2447
2 38771  98.7028 241.4595 0003204 129.2567 230.8895 14.21494080 40577
1 38771U 12049A   13181.43138939  .00000083  00000-0  38011-4 0  2357
2 38771  98.7028 241.5944 0002363 127.3645 232.8351 14.21492665 40607
1 38771U 12049A   13182.48721130  .00000104  00000-0  47487-4 0  2355
2 38771  98.7028 242.6356 0002394 124.8277 235.3729 14.21493374 40754
1 38771U 12049A   13182.69836423  .00000041  00000-0  38530-4 0  2450
2 38771  98.7027 242.8476 0003227 127.0495 233.0978 14.21494309 40773
1 38771U 12049A   13183.75418786  .00000029  00000-0  33431-4 0  2468
2 38771  98.7025 243.8886 0003235 125.4079 234.7401 14.21494592 40926
1 38771U 12049A   13186.28816368  .00000074  00000-0  53640-4 0  2472
2 38771  98.7018 246.3815 0003155 106.0722 254.0810 14.21495129 41285
1 38771U 12049A   13190.08912564  .00000495  00000-0  24622-3 0  2485
2 38771  98.6985 250.1305 0003178 111.5792 248.5710 14.21495879 41826
1 38771U 12049A   13191.21533611  .00000312  00000-0  16265-3 0  2496
2 38771  98.7002 251.2414 0003147 108.8792 251.2760 14.21496989 41981
1 38771U 12049A   13194.80512997  .00000011  00000-0  25023-4 0  2509
2 38771  98.7016 254.7842 0003287 105.0734 255.0808 14.21497320 42491
1 38771U 12049A   13197.76142919  .00000037  00000-0  36817-4 0  2512
2 38771  98.7014 257.6987 0003288  99.3313 260.8236 14.21497776 42911
1 38771U 12049A   13198.81725010  .00000034  00000-0  35568-4 0  2528
2 38771  98.7012 258.7397 0003282  97.2619 262.8932 14.21497978 43062
1 38771U 12049A   13200.15462275  .00000048  00000-0  41924-4 0  2539
2 38771  98.7010 260.0583 0003201  95.4162 264.7380 14.21498224 43251
1 38771U 12049A   13201.77354751  .00000051  00000-0  43449-4 0  2546
2 38771  98.7007 261.6544 0003183  92.3012 267.8529 14.21498575 43483
1 38771U 12049A   13203.18130806  .00000021  00000-0  29638-4 0  2558
2 38771  98.7004 263.0422 0003130  89.7605 270.3931 14.21499122 43688
1 38771U 12049A   13204.44829180  .00000020  00000-0  29226-4 0  2561
2 38771  98.7003 264.2912 0003089  87.4983 272.6548 14.21499383 43869
1 38771U 12049A   13205.78566330  .00000022  00000-0  30028-4 0  2579
2 38771  98.7001 265.6094 0003073  84.8095 275.3433 14.21499432 44051
1 38771U 12049A   13207.12303484  .00000040  00000-0  38471-4 0  2589
2 38771  98.7001 266.9275 0003055  82.2096 277.9429 14.21499801 44243
1 38771U 12049A   13208.17885434  .00000024  00000-0  30975-4 0  2599
2 38771  98.7001 267.9682 0003051  80.2066 279.9456 14.21500026 44397
1 38771U 12049A   13209.23467339  .00000019  00000-0  28430-4 0  2606
2 38771  98.7002 269.0089 0003035  78.1160 282.0358 14.21500114 44546
1 38771U 12049A   13210.71281994  .00000030  00000-0  33651-4 0  2617
2 38771  98.7001 270.4658 0003012  75.4026 284.7485 14.21499982 44752
1 38771U 12049A   13211.76863880  .00000044  00000-0  40258-4 0  2620
2 38771  98.7000 271.5065 0002925  73.4755 286.6743 14.21500180 44902
1 38771U 12049A   13213.10600938  .00000050  00000-0  42922-4 0  2631
2 38771  98.6998 272.8249 0002859  70.6914 289.4572 14.21500655 45096
1 38771U 12049A   13214.37299149  .00000053  00000-0  44303-4 0  2648
2 38771  98.6997 274.0739 0002787  68.1110 292.0364 14.21500784 45275
1 38771U 12049A   13215.71036154  .00000060  00000-0  47201-4 0  2651
2 38771  98.6993 275.3923 0002737  65.3883 294.7579 14.21500903 45462
1 38771U 12049A   13216.76617998  .00000063  00000-0  48705-4 0  2662
2 38771  98.6991 276.4330 0002698  63.3743 296.7710 14.21501178 45614
1 38771U 12049A   13218.10354975  .00000052  00000-0  43585-4 0  2675
2 38771  98.6988 277.7512 0002624  60.4649 299.6790 14.21501811 45803
1 38771U 12049A   13219.44091886  .00000032  00000-0  34563-4 0  2687
2 38771  98.6986 279.0693 0002572  57.7509 302.3918 14.21501931 45999
1 38771U 12049A   13220.56713509  .00000050  00000-0  22675-4 0    22
2 38771  98.6998 280.1774 0002767  49.9871 310.2036 14.21501593 46169
1 38771U 12049A   13220.70790023  .00000019  00000-0  28624-4 0  2694
2 38771  98.6985 280.3178 0002535  55.2242 304.9174 14.21502057 46170
1 38771U 12049A   13221.13024340 -.00000045  00000-0 -66545-6 0  2703
2 38771  98.6985 280.7341 0002439  55.6467 304.4940 14.21487257 46239
1 38771U 12049A   13222.25646045 -.00000003  00000-0  18683-4 0  2711
2 38771  98.6986 281.8439 0002312  52.6417 307.4971 14.21487676 46391
1 38771U 12049A   13223.80500839  .00000021  00000-0  29354-4 0  2720
2 38771  98.6986 283.3699 0002281  49.6655 310.4721 14.21487975 46615
1 38771U 12049A   13225.14239035  .00000051  00000-0  43507-4 0  2736
2 38771  98.6985 284.6878 0002225  46.8487 313.2877 14.21487852 46805
1 38771U 12049A   13226.26860687  .00000069  00000-0  51735-4 0  2745
2 38771  98.6984 285.7977 0002144  44.4204 315.7145 14.21488034 46962
1 38771U 12049A   13227.74676605  .00000046  00000-0  41174-4 0  2756
2 38771  98.6981 287.2545 0002063  40.9032 319.2300 14.21488422 47174
1 38771U 12049A   13229.15453605  .00000061  00000-0  47835-4 0  2764
2 38771  98.6978 288.6420 0002011  37.7994 322.3324 14.21488741 47378
1 38771U 12049A   13230.28075183  .00000069  00000-0  51316-4 0  2779
2 38771  98.6976 289.7519 0001923  34.7604 325.3698 14.21488790 47532
1 38771U 12049A   13231.75891021  .00000065  00000-0  49875-4 0  2783
2 38771  98.6972 291.2086 0001817  30.3215 329.8067 14.21489504 47743
1 38771U 12049A   13233.72978705  .00000041  00000-0  38615-4 0  2804
2 38771  98.6969 293.1506 0001706  24.9297 335.1963 14.21490131 48028
1 38771U 12049A   13235.13755576  .00000060  00000-0  47603-4 0  2819
2 38771  98.6968 294.5377 0001663  22.9839 337.1412 14.21490220 48222
1 38771U 12049A   13236.26377055  .00000046  00000-0  41066-4 0  2828
2 38771  98.6967 295.6471 0001562  18.9099 341.2136 14.21490645 48386
1 38771U 12049A   13237.74192702  .00000031  00000-0  34028-4 0  2831
2 38771  98.6968 297.1034 0001459  13.2178 346.9037 14.21491073 48591
1 38771U 12049A   13238.79775256  .00000039  00000-0  37594-4 0  2848
2 38771  98.6968 298.1436 0001404   9.7835 350.3370 14.21491034 48741
1 38771U 12049A   13240.13513163  .00000060  00000-0  47606-4 0  2856
2 38771  98.6967 299.4613 0001303   4.4794 355.6395 14.21491222 48930
1 38771U 12049A   13241.19095741  .00000058  00000-0  46413-4 0  2863
2 38771  98.6965 300.5016 0001258   1.3395 358.7785 14.21491481 49082
1 38771U 12049A   13242.24678288  .00000048  00000-0  42124-4 0  2878
2 38771  98.6963 301.5419 0001199 355.1989   4.9177 14.21491683 49237
1 38771U 12049A   13243.79532636  .00000056  00000-0  45581-4 0  2885
2 38771  98.6959 303.0677 0001125 348.3338  11.7813 14.21491936 49454
1 38771U 12049A   13245.13270479  .00000075  00000-0  54227-4 0  2898
2 38771  98.6955 304.3855 0001050 343.5592  16.5551 14.21492047 49645
1 38771U 12049A   13246.18853011  .00000059  00000-0  46881-4 0  2904
2 38771  98.6951 305.4257 0001010 339.5090  20.6047 14.21492358 49790
1 38771U 12049A   13247.24435506  .00000034  00000-0  35657-4 0  2910
2 38771  98.6949 306.4658 0000974 332.9092  27.2034 14.21492655 49946
1 38771U 12049A   13248.72250938  .00000031  00000-0  34125-4 0  2925
2 38771  98.6948 307.9220 0000923 323.3407  36.7707 14.21492875 50155
1 38771U 12049A   13249.77833373  .00000044  00000-0  39868-4 0  2935
2 38771  98.6947 308.9620 0000909 315.8103  44.3002 14.21493059 50307
1 38771U 12049A   13251.11571147  .00000029  00000-0  33334-4 0  2940
2 38771  98.6945 310.2793 0000881 307.8577  52.2521 14.21493435 50499
1 38771U 12049A   13252.24192401  .00000011  00000-0  24900-4 0  2958
2 38771  98.6945 311.3885 0000853 300.8552  59.2542 14.21493677 50654
1 38771U 12049A   13253.79046553  .00000023  00000-0  30382-4 0  2960
2 38771  98.6944 312.9137 0000842 290.3810  69.7277 14.21493606 50875
1 38771U 12049A   13255.12784252  .00000062  00000-0  48220-4 0  2978
2 38771  98.6943 314.2310 0000850 281.6919  78.4163 14.21493726 51060
1 38771U 12049A   13256.25405475  .00000047  00000-0  41321-4 0  2989
2 38771  98.6942 315.3403 0000895 273.5523  86.5552 14.21493984 51220
1 38771U 12049A   13257.73220780  .00000059  00000-0  47120-4 0  2994
2 38771  98.6938 316.7964 0000915 264.5101  95.5972 14.21494126 51435
1 38771U 12049A   13258.78803134  .00000064  00000-0  49058-4 0  3001
2 38771  98.6935 317.8364 0000907 257.7633 102.3443 14.21494193 51583
1 38771U 12049A   13260.26618438  .00000066  00000-0  50007-4 0  3017
2 38771  98.6931 319.2925 0001017 250.6732 109.4336 14.21494557 51799
1 38771U 12049A   13261.74433731  .00000019  00000-0  28669-4 0  3020
2 38771  98.6927 320.7483 0001076 243.1700 116.9367 14.21495095 52007
1 38771U 12049A   13263.15210123  .00000034  00000-0  35358-4 0  3036
2 38771  98.6925 322.1347 0001115 236.4361 123.6710 14.21495309 52209
1 38771U 12049A   13264.27831232  .00000037  00000-0  36713-4 0  3040
2 38771  98.6927 323.2437 0001154 229.9483 130.1593 14.21495461 52366
1 38771U 12049A   13265.68607625  .00000026  00000-0  31848-4 0  3056
2 38771  98.6924 324.6299 0001263 225.2353 134.8721 14.21495844 52561
1 38771U 12049A   13268.14966162  .00000039  00000-0  37988-4 0  3060
2 38771  98.6925 327.0557 0001413 217.9099 142.1979 14.21496242 52917
1 38771U 12049A   13269.69820092  .00000055  00000-0  45143-4 0  3073
2 38771  98.6924 328.5807 0001505 211.9605 148.1482 14.21496496 53130
1 38771U 12049A   13271.10596379  .00000063  00000-0  48779-4 0  3088
2 38771  98.6921 329.9671 0001569 207.6343 152.4751 14.21496753 53337
1 38771U 12049A   13272.16178560  .00000058  00000-0  46562-4 0  3096
2 38771  98.6919 331.0069 0001623 204.3029 155.8072 14.21496918 53487
1 38771U 12049A   13273.21760718  .00000075  00000-0  54257-4 0  3106
2 38771  98.6915 332.0466 0001691 201.6348 158.4758 14.21496907 53639
1 38771U 12049A   13274.76614587  .00000072  00000-0  52981-4 0  3119
2 38771  98.6910 333.5715 0001796 196.9207 163.1911 14.21497373 53859
1 38771U 12049A   13276.73701240  .00000050  00000-0  42711-4 0  3128
2 38771  98.6904 335.5119 0001902 191.7356 168.3777 14.21498387 54134
1 38771U 12049A   13277.79283315  .00000048  00000-0  42013-4 0  3136
2 38771  98.6903 336.5514 0001959 189.0646 171.0496 14.21498399 54285
1 38771U 12049A   13279.13020632  .00000053  00000-0  44257-4 0  3146
2 38771  98.6902 337.8680 0002029 185.5795 174.5360 14.21498637 54471
1 38771U 12049A   13280.18602708  .00000028  00000-0  32626-4 0  3153
2 38771  98.6902 338.9074 0002081 184.4077 175.7083 14.21499042 54622
1 38771U 12049A   13282.15689152  .00000061  00000-0  47639-4 0  3168
2 38771  98.6901 340.8475 0002172 180.1106 180.0072 14.21499739 54906
1 38771U 12049A   13283.28309943  .00000078  00000-0  55385-4 0  3176
2 38771  98.6900 341.9562 0002228 176.1309 183.9886 14.21499839 55060
1 38771U 12049A   13286.16900668  .00000074  00000-0  53948-4 0  3198
2 38771  98.6895 344.7974 0002381 169.6308 190.4919 14.21500504 55474
1 38771U 12049A   13287.36560171  .00000099  00000-0  65265-4 0  3206
2 38771  98.6892 345.9754 0002446 166.5480 193.5763 14.21500607 55643
1 38771U 12049A   13288.77336050  .00000125  00000-0  77004-4 0  3214
2 38771  98.6887 347.3612 0002514 164.4095 195.7160 14.21501112 55840
1 38771U 12049A   13290.67383430  .00000096  00000-0  63647-4 0  3226
2 38771  98.6881 349.2320 0002593 161.0314 199.0961 14.21502222 56115
1 38771U 12049A   13291.72965221  .00000102  00000-0  66594-4 0  3230
2 38771  98.6880 350.2712 0002612 159.2991 200.8293 14.21502427 56265
1 38771U 12049A   13292.78547000  .00000124  00000-0  76807-4 0  3241
2 38771  98.6878 351.3105 0002680 156.6457 203.4842 14.21502621 56415
1 38771U 12049A   13294.12283937  .00000106  00000-0  68338-4 0  3258
2 38771  98.6877 352.6267 0002723 153.7891 206.3425 14.21503206 56605
1 38771U 12049A   13295.38982027  .00000096  00000-0  63742-4 0  3266
2 38771  98.6878 353.8737 0002765 151.6841 208.4487 14.21503772 56787
1 38771U 12049A   13296.79757603  .00000092  00000-0  61967-4 0  3276
2 38771  98.6878 355.2592 0002801 149.4428 210.6913 14.21504181 56985
1 38771U 12049A   13298.27571907  .00000131  00000-0  79574-4 0  3280
2 38771  98.6878 356.7140 0002801 147.4135 212.7215 14.21504211 57199
1 38771U 12049A   13299.75386217  .00000101  00000-0  66136-4 0  3290
2 38771  98.6876 358.1688 0002883 143.7666 216.3707 14.21504994 57406
1 38771U 12049A   13301.16161688  .00000127  00000-0  77836-4 0  3301
2 38771  98.6873 359.5545 0002920 140.4118 219.7273 14.21505431 57602
1 38771U 12049A   13302.21743235  .00000212  00000-0  11678-3 0  3319
2 38771  98.6869   0.5937 0002954 137.8896 222.2508 14.21505266 57757
1 38771U 12049A   13303.27324798  .00000179  00000-0  10184-3 0  3329
2 38771  98.6866   1.6328 0002982 136.0303 224.1112 14.21505821 57901
1 38771U 12049A   13304.75138945  .00000191  00000-0  10723-3 0  3334
2 38771  98.6862   3.0875 0003001 133.3029 226.8399 14.21507036 58118
1 38771U 12049A   13305.80720384  .00000160  00000-0  93013-4 0  3346
2 38771  98.6860   4.1264 0003038 131.0238 229.1202 14.21507381 58265
1 38771U 12049A   13307.14456847  .00000155  00000-0  90867-4 0  3354
2 38771  98.6857   5.4423 0003072 128.4530 231.6924 14.21507801 58452
1 38771U 12049A   13308.27077008  .00000142  00000-0  84685-4 0  3365
2 38771  98.6856   6.5505 0003113 126.2360 233.9106 14.21508185 58618
1 38771U 12049A   13309.39697137  .00000112  00000-0  71205-4 0  3372
2 38771  98.6856   7.6585 0003108 124.2015 235.9457 14.21508830 58772
1 38771U 12049A   13309.81930486  .00000105  00000-0  68249-4 0  3383
2 38771  98.7185   8.0781 0003217 118.7813 241.3687 14.21463710 58836
1 38771U 12049A   13311.15670835  .00000011  00000-0  25142-4 0  3394
2 38771  98.7180   9.3990 0003282 114.2178 245.9342 14.21465492 59023
1 38771U 12049A   13312.28294234  .00000029  00000-0  33318-4 0  3409
2 38771  98.7179  10.5112 0003286 111.8518 248.3009 14.21465602 59183
1 38771U 12049A   13313.69073472  .00000101  00000-0  66145-4 0  3410
2 38771  98.7178  11.9015 0003273 109.4184 250.7347 14.21466525 59386
1 38771U 12049A   13314.81696789  .00000099  00000-0  65146-4 0  3424
2 38771  98.7176  13.0137 0003285 107.2597 252.8940 14.21467062 59546
1 38771U 12049A   13316.15436911  .00000147  00000-0  87466-4 0  3436
2 38771  98.7173  14.3345 0003254 104.5431 255.6107 14.21467853 59736
1 38771U 12049A   13316.29514805  .00000161  00000-0  93844-4 0  3444
2 38771  98.7172  14.4735 0003249 104.2703 255.8835 14.21467812 59759
1 38771U 12049A   13317.35099074  .00000143  00000-0  85474-4 0  3459
2 38771  98.7169  15.5162 0003266 102.2394 257.9149 14.21468174 59904
1 38771U 12049A   13318.26605438  .00000182  00000-0  10317-3 0  3464
2 38771  98.7166  16.4198 0003250 100.5348 259.6196 14.21468605 60039
1 38771U 12049A   13319.67384408  .00000160  00000-0  93395-4 0  3476
2 38771  98.7162  17.8099 0003198  97.7865 262.3676 14.21469595 60237
1 38771U 12049A   13320.72968545  .00000232  00000-0  12617-3 0  3482
2 38771  98.7160  18.8524 0003182  95.5596 264.5944 14.21470512 60388
1 38771U 12049A   13321.78552619  .00000175  00000-0  10010-3 0  3492
2 38771  98.7158  19.8949 0003154  93.6426 266.5112 14.21471188 60533
1 38771U 12049A   13323.12292395  .00000254  00000-0  13602-3 0  3504
2 38771  98.7157  21.2153 0003108  90.9514 269.2019 14.21471682 60729
1 38771U 12049A   13324.17876406  .00000202  00000-0  11241-3 0  3512
2 38771  98.7157  22.2577 0003086  89.0239 271.1292 14.21472388 60873
1 38771U 12049A   13325.51616035  .00000197  00000-0  10997-3 0  3522
2 38771  98.7157  23.5779 0003062  86.7125 273.4402 14.21472834 61069
1 38771U 12049A   13326.71277779  .00000194  00000-0  10864-3 0  3534
2 38771  98.7157  24.7593 0003049  84.3808 275.7717 14.21473203 61237
1 38771U 12049A   13328.12056282  .00000168  00000-0  97034-4 0  3542
2 38771  98.7155  26.1493 0003039  81.8604 278.2918 14.21473798 61437
1 38771U 12049A   13329.17640114  .00000164  00000-0  94875-4 0  3558
2 38771  98.7154  27.1917 0003004  79.6811 280.4705 14.21474162 61586
1 38771U 12049A   13330.23223885  .00000115  00000-0  72515-4 0  3563
2 38771  98.7152  28.2341 0002963  77.3120 282.8388 14.21474280 61739
1 38771U 12049A   13331.28807636  .00000151  00000-0  88970-4 0  3574
2 38771  98.7149  29.2765 0002917  74.9994 285.1506 14.21474344 61882
1 38771U 12049A   13332.76624918  .00000142  00000-0  84774-4 0  3587
2 38771  98.7145  30.7359 0002835  71.4458 288.7027 14.21474742 62093
1 38771U 12049A   13334.17403259  .00000133  00000-0  81061-4 0  3594
2 38771  98.7141  32.1257 0002804  68.6302 291.5174 14.21475532 62299
1 38771U 12049A   13335.79298223  .00000147  00000-0  87412-4 0  3609
2 38771  98.7138  33.7238 0002761  65.4784 294.6681 14.21476153 62525
1 38771U 12049A   13337.27115337  .00000109  00000-0  69805-4 0  3613
2 38771  98.7137  35.1829 0002699  62.3541 297.7910 14.21476684 62734
1 38771U 12049A   13338.81971302  .00000082  00000-0  57408-4 0  3623
2 38771  98.7136  36.7114 0002636  59.0264 301.1172 14.21477504 62959
1 38771U 12049A   13340.22749350  .00000104  00000-0  67734-4 0  3636
2 38771  98.7136  38.1010 0002560  55.2767 304.8651 14.21478012 63152
1 38771U 12049A   13340.22749350  .00000104  00000-0  67734-4 0  3647
2 38771  98.7136  38.1010 0002560  55.2767 304.8651 14.21478012 63152
1 38771U 12049A   13341.28332837  .00000142  00000-0  84950-4 0  3654
2 38771  98.7136  39.1431 0002501  52.5969 307.5436 14.21478293 63308
1 38771U 12049A   13342.76149723  .00000147  00000-0  87394-4 0  3669
2 38771  98.7135  40.6022 0002427  49.1315 311.0072 14.21479266 63514
1 38771U 12049A   13343.81733162  .00000125  00000-0  77160-4 0  3679
2 38771  98.7133  41.6444 0002385  47.3126 312.8252 14.21479841 63668
1 38771U 12049A   13345.15472085  .00000160  00000-0  93363-4 0  3685
2 38771  98.7129  42.9646 0002313  44.1856 315.9505 14.21480112 63856
1 38771U 12049A   13346.28094310  .00000200  00000-0  11127-3 0  3694
2 38771  98.7126  44.0763 0002243  40.8993 319.2352 14.21480713 64016
1 38771U 12049A   13347.75910975  .00000197  00000-0  11015-3 0  3704
2 38771  98.7121  45.5353 0002170  37.4252 322.7076 14.21481853 64222
1 38771U 12049A   13348.81494228  .00000174  00000-0  99625-4 0  3710
2 38771  98.7118  46.5774 0002121  34.9741 325.1576 14.21482610 64377
1 38771U 12049A   13350.15232897  .00000165  00000-0  95414-4 0  3725
2 38771  98.7115  47.8973 0002054  31.3473 328.7826 14.21483075 64561
1 38771U 12049A   13351.27854906  .00000165  00000-0  95239-4 0  3736
2 38771  98.7114  49.0088 0001996  28.4455 331.6831 14.21483551 64728
1 38771U 12049A   13352.75671263  .00000139  00000-0  83558-4 0  3746
2 38771  98.7113  50.4675 0001917  24.1913 335.9354 14.21484505 64930
1 38771U 12049A   13354.02371807  .00000269  00000-0  12293-3 0    28
2 38771  98.7122  51.7174 0002180  18.7696 341.4045 14.21484888 65123
1 38771U 12049A   13354.16448648  .00000114  00000-0  72192-4 0  3758
2 38771  98.7112  51.8567 0001841  20.6882 339.4369 14.21485198 65133
1 38771U 12049A   13355.50187076  .00000109  00000-0  69828-4 0  3769
2 38771  98.7112  53.1765 0001769  16.5615 343.5620 14.21485456 65329
1 38771U 12049A   13356.62808907  .00000124  00000-0  76820-4 0  3774
2 38771  98.7111  54.2879 0001707  12.2370 347.8849 14.21485692 65488
1 38771U 12049A   13357.75430719  .00000091  00000-0  61660-4 0  3781
2 38771  98.7109  55.3992 0001636   9.5017 350.6191 14.21486257 65649
1 38771U 12049A   13359.23246763  .00000096  00000-0  63954-4 0  3794
2 38771  98.7107  56.8579 0001573   3.7225 356.3963 14.21486423 65859
1 38771U 12049A   13360.28829623  .00000115  00000-0  72684-4 0  3807
2 38771  98.7104  57.8999 0001518   0.3422 359.7756 14.21486664 66006
1 38771U 12049A   13361.76645639  .00000110  00000-0  70150-4 0  3816
2 38771  98.7100  59.3586 0001453 354.1329   5.9831 14.21487049 66210
1 38771U 12049A   13363.17422779  .00000091  00000-0  61723-4 0  3826
2 38771  98.7096  60.7477 0001382 348.8760  11.2387 14.21487589 66416
1 38771U 12049A   13364.23005582  .00000089  00000-0  60750-4 0  3830
2 38771  98.7093  61.7894 0001333 344.6888  15.4249 14.21487880 66561
1 38771U 12049A   13364.44122177  .00000254  00000-0  11625-3 0    21
2 38771  98.7112  61.9939 0001981 331.2526  28.9183 14.21489566 66609
1 38771U 12049A   13365.63782624  .00000102  00000-0  66856-4 0  3844
2 38771  98.7090  63.1784 0001276 338.6652  21.4471 14.21488425 66762
1 38771U 12049A   14001.76404241  .00000095  00000-0  63522-4 0  3851
2 38771  98.7089  64.2895 0001209 334.2300  25.8817 14.21489233 66921
1 38771U 12049A   14002.81986975  .00000105  00000-0  68155-4 0  3867
2 38771  98.7088  65.3312 0001182 328.7412  31.3694 14.21489958 67074
1 38771U 12049A   14004.15724988  .00000121  00000-0  75449-4 0  3873
2 38771  98.7088  66.6507 0001171 321.1710  38.9383 14.21489935 67264
1 38771U 12049A   14005.28346434  .00000164  00000-0  95008-4 0  3885
2 38771  98.7087  67.7618 0001172 314.6325  45.4756 14.21490014 67423
1 38771U 12049A   14006.40967899  .00000225  00000-0  12305-3 0  3891
2 38771  98.7087  68.8730 0001169 308.3972  51.7100 14.21490354 67581
1 38771U 12049A   14006.40967899  .00000225  00000-0  12305-3 0  3903
2 38771  98.7087  68.8730 0001169 308.3972  51.7100 14.21490354 67581
1 38771U 12049A   14007.74705868  .00000238  00000-0  12869-3 0  3917
2 38771  98.7084  70.1924 0001158 300.8909  59.2154 14.21491181 67776
1 38771U 12049A   14008.80288396  .00000196  00000-0  10962-3 0  3923
2 38771  98.7082  71.2342 0001101 295.1606  64.9457 14.21491349 67920
1 38771U 12049A   14010.14026287  .00000253  00000-0  13545-3 0  3937
2 38771  98.7078  72.5536 0001098 287.8154  72.2904 14.21491917 68117
1 38771U 12049A   14011.19608789  .00000160  00000-0  93127-4 0  3949
2 38771  98.7075  73.5953 0001130 281.5753  78.5298 14.21492166 68269
1 38771U 12049A   14012.25191290  .00000138  00000-0  83034-4 0  3953
2 38771  98.7071  74.6368 0001110 274.9290  85.1760 14.21492645 68414
1 38771U 12049A   14013.80045518  .00000120  00000-0  74968-4 0  3964
2 38771  98.7066  76.1644 0001161 267.1488  92.9557 14.21493216 68630
1 38771U 12049A   14015.13783238  .00000108  00000-0  69429-4 0  3973
2 38771  98.7063  77.4837 0001202 260.6192  99.4849 14.21493720 68828
1 38771U 12049A   14016.19365636  .00000098  00000-0  64878-4 0  3980
2 38771  98.7062  78.5251 0001227 254.9305 105.1736 14.21493989 68971
1 38771U 12049A   14017.24948011  .00000060  00000-0  47303-4 0  3995
2 38771  98.7061  79.5666 0001267 249.8628 110.2413 14.21494391 69121
1 38771U 12049A   14018.79802074  .00000070  00000-0  51982-4 0  4006
2 38771  98.7060  81.0940 0001309 242.6243 117.4801 14.21494656 69342
1 38771U 12049A   14020.13539664  .00000067  00000-0  50534-4 0  4018
2 38771  98.7059  82.4131 0001369 236.5637 123.5410 14.21494812 69531
1 38771U 12049A   14021.19121967  .00000072  00000-0  52712-4 0  4025
2 38771  98.7058  83.4545 0001440 233.1270 126.9775 14.21495162 69682
1 38771U 12049A   14022.24704249  .00000073  00000-0  53491-4 0  4039
2 38771  98.7057  84.4959 0001492 229.1106 130.9942 14.21495610 69837
1 38771U 12049A   14023.72519360  .00000103  00000-0  67155-4 0  4048
2 38771  98.7053  85.9538 0001556 223.7479 136.3575 14.21495832 70049
1 38771U 12049A   14025.20334457  .00000125  00000-0  76987-4 0  4053
2 38771  98.7049  87.4117 0001642 218.9956 141.1103 14.21496020 70250
1 38771U 12049A   14026.25916692  .00000121  00000-0  75118-4 0  4068
2 38771  98.7046  88.4531 0001696 214.7888 145.3178 14.21496516 70400
1 38771U 12049A   14027.80770555  .00000101  00000-0  66183-4 0  4077
2 38771  98.7041  89.9803 0001775 209.6683 150.4394 14.21497114 70623
1 38771U 12049A   14029.14507931  .00000133  00000-0  80666-4 0  4080
2 38771  98.7038  91.2992 0001845 205.6801 154.4285 14.21497629 70815
1 38771U 12049A   14030.76400505  .00000120  00000-0  74773-4 0  4098
2 38771  98.7034  92.8957 0001948 199.9292 160.1810 14.21498295 71046
1 38771U 12049A   14031.81982583  .00000084  00000-0  58346-4 0  4105
2 38771  98.7033  93.9369 0002008 197.6341 162.4767 14.21498827 71195
1 38771U 12049A   14033.15719808  .00000117  00000-0  73588-4 0  4115
2 38771  98.7032  95.2557 0002073 194.4285 165.6834 14.21499006 71383
1 38771U 12049A   14034.28340613  .00000114  00000-0  72238-4 0  4123
2 38771  98.7031  96.3662 0002138 191.3771 168.7358 14.21499401 71541
1 38771U 12049A   14035.76155393  .00000145  00000-0  86275-4 0  4137
2 38771  98.7029  97.8237 0002219 187.8709 172.2434 14.21499848 71756
1 38771U 12049A   14036.81737374  .00000157  00000-0  91521-4 0  4143
2 38771  98.7028  98.8648 0002276 185.3321 174.7833 14.21500804 71900
1 38771U 12049A   14038.15474421  .00000165  00000-0  95417-4 0  4151
2 38771  98.7025 100.1835 0002345 181.5523 178.5647 14.21500844 72091
1 38771U 12049A   14039.35133912  .00000194  00000-0  10862-3 0  4164
2 38771  98.7021 101.3633 0002407 178.5298 181.5887 14.21501999 72261
1 38771U 12049A   14040.75909686  .00000151  00000-0  88859-4 0  4175
2 38771  98.7017 102.7513 0002473 175.4859 184.6341 14.21502190 72465
1 38771U 12049A   14042.16685399  .00000124  00000-0  76691-4 0  4186
2 38771  98.7012 104.1393 0002536 172.5075 187.6140 14.21503103 72667
1 38771U 12049A   14043.29305900  .00000184  00000-0  10384-3 0  4191
2 38771  98.7009 105.2496 0002577 169.9033 190.2196 14.21503377 72820
1 38771U 12049A   14044.77120271  .00000126  00000-0  77554-4 0  4202
2 38771  98.7006 106.7070 0002657 166.7432 193.3816 14.21503819 73036
1 38771U 12049A   14045.26391736  .00000314  00000-0  16357-3 0  4216
2 38771  98.7006 107.1894 0002177 169.1031 191.0250 14.21504599 73105
1 38771U 12049A   14046.81244828  .00000117  00000-0  73260-4 0  4226
2 38771  98.7003 108.7194 0002745 162.4851 197.6421 14.21504856 73321
1 38771U 12049A   14048.14981508  .00000103  00000-0  67218-4 0  4239
2 38771  98.7001 110.0378 0002814 158.9051 201.2243 14.21505246 73517
1 38771U 12049A   14049.27601834  .00000112  00000-0  71350-4 0  4248
2 38771  98.7000 111.1479 0002872 156.5971 203.5338 14.21505277 73670
1 38771U 12049A   14050.82455668  .00000095  00000-0  63612-4 0  4256
2 38771  98.7004 112.6731 0002723 136.5329 223.6063 14.21475918 73891
1 38771U 12049A   14052.16194698  .00000190  00000-0  10682-3 0  4263
2 38771  98.6997 113.9926 0002809 150.0179 210.1159 14.21477385 74089
1 38771U 12049A   14053.64011756  .00000183  00000-0  10347-3 0  4271
2 38771  98.6994 115.4496 0002819 148.1681 211.9667 14.21477800 74290
1 38771U 12049A   14054.69595365  .00000163  00000-0  94714-4 0  4280
2 38771  98.6991 116.4904 0002854 146.1375 213.9985 14.21478160 74441
1 38771U 12049A   14056.17412368  .00000171  00000-0  98337-4 0  4291
2 38771  98.6985 117.9474 0002953 142.2098 217.9287 14.21479019 74657
1 38771U 12049A   14057.22995876  .00000177  00000-0  10069-3 0  4301
2 38771  98.6982 118.9881 0002961 140.5399 219.5994 14.21479570 74803
1 38771U 12049A   14058.63773840  .00000186  00000-0  10500-3 0  4313
2 38771  98.6977 120.3756 0003009 137.6348 222.5062 14.21480546 75008
1 38771U 12049A   14059.76396136  .00000165  00000-0  95442-4 0  4324
2 38771  98.6974 121.4855 0003026 135.7859 224.3561 14.21481709 75165
1 38771U 12049A   14060.81979455  .00000160  00000-0  93237-4 0  4339
2 38771  98.6971 122.5259 0003086 133.2110 226.9326 14.21482619 75316
1 38771U 12049A   14062.15718211  .00000183  00000-0  10374-3 0  4345
2 38771  98.6970 123.8438 0003068 131.1830 228.9612 14.21483315 75509
1 38771U 12049A   14063.28340259  .00000210  00000-0  11578-3 0  4352
2 38771  98.6969 124.9537 0003089 129.1389 231.0063 14.21483664 75667
1 38771U 12049A   14064.76156685  .00000153  00000-0  89754-4 0  4363
2 38771  98.6967 126.4103 0003123 126.4266 233.7199 14.21484577 75870
1 38771U 12049A   14066.16934139  .00000140  00000-0  83797-4 0  4375
2 38771  98.6966 127.7974 0003116 124.0337 236.1137 14.21485325 76078
1 38771U 12049A   14067.29556027  .00000159  00000-0  92785-4 0  4384
2 38771  98.6963 128.9072 0003170 121.4276 238.7212 14.21485646 76236
1 38771U 12049A   14068.77372217  .00000165  00000-0  95450-4 0  4395
2 38771  98.6960 130.3637 0003136 119.0515 241.0977 14.21486199 76440
1 38771U 12049A   14070.18149493  .00000185  00000-0  10437-3 0  4406
2 38771  98.6956 131.7509 0003127 116.5665 243.5833 14.21486878 76640
1 38771U 12049A   14071.37810114  .00000156  00000-0  91478-4 0  4417
2 38771  98.6953 132.9299 0003144 114.2281 245.9225 14.21487558 76810
1 38771U 12049A   14072.57470693  .00000193  00000-0  10833-3 0  4421
2 38771  98.6949 134.1089 0003176 111.4283 248.7233 14.21488101 76985
1 38771U 12049A   14073.77131196  .00000175  00000-0  99783-4 0  4439
2 38771  98.6948 135.2880 0003083 110.3912 249.7597 14.21488654 77156
1 38771U 12049A   14075.10869435  .00000157  00000-0  91636-4 0  4442
2 38771  98.6944 136.6056 0003199 106.8620 253.2908 14.21489314 77347
1 38771U 12049A   14076.16452160  .00000139  00000-0  83369-4 0  4457
2 38771  98.6944 137.6458 0003156 104.8990 255.2537 14.21489623 77494
1 38771U 12049A   14077.29073686  .00000130  00000-0  79162-4 0  4462
2 38771  98.6943 138.7553 0003107 102.9530 257.1995 14.21490036 77653
1 38771U 12049A   14078.76889404  .00000168  00000-0  96855-4 0  4478
2 38771  98.6942 140.2116 0003098 100.2431 259.9096 14.21490845 77868
1 38771U 12049A   14079.75434131  .00000193  00000-0  88146-4 0  4495
2 38771  98.6935 141.1771 0002907  92.3772 267.8217 14.21490781 78126
1 38771U 12049A   14080.17666229  .00000169  00000-0  97348-4 0  4507
2 38771  98.6940 141.5984 0003059  97.6973 262.4552 14.21491603 78062
1 38771U 12049A   14081.23248764  .00000202  00000-0  11230-3 0  4519
2 38771  98.6938 142.6386 0003081  95.6145 264.5384 14.21492172 78216
1 38771U 12049A   14082.28831252  .00000233  00000-0  12623-3 0  4527
2 38771  98.6936 143.6786 0003082  93.7577 266.3953 14.21492688 78368
1 38771U 12049A   14083.76646699  .00000276  00000-0  14588-3 0  4530
2 38771  98.6932 145.1347 0003096  90.8629 269.2903 14.21493558 78572
1 38771U 12049A   14085.10384422  .00000246  00000-0  13242-3 0  4547
2 38771  98.6928 146.4521 0003063  88.4632 271.6896 14.21494589 78760
1 38771U 12049A   14086.15966746  .00000213  00000-0  11734-3 0  4557
2 38771  98.6926 147.4922 0003012  86.3970 273.7552 14.21495125 78916
1 38771U 12049A   14087.28587828  .00000223  00000-0  12189-3 0  4569
2 38771  98.6924 148.6016 0002947  84.2621 275.8893 14.21495645 79073
1 38771U 12049A   14088.34170079  .00000184  00000-0  10391-3 0  4573
2 38771  98.6922 149.6417 0002924  82.2143 277.9366 14.21496509 79224
1 38771U 12049A   14089.74946345  .00000137  00000-0  82618-4 0  4586
2 38771  98.6919 151.0284 0002866  79.4518 280.6982 14.21497535 79425
1 38771U 12049A   14090.80528466  .00000145  00000-0  86331-4 0  4591
2 38771  98.6917 152.0684 0002847  77.5879 282.5617 14.21498193 79579
1 38771U 12049A   14092.14265718  .00000207  00000-0  11469-3 0  4608
2 38771  98.6916 153.3856 0002783  74.9760 285.1725 14.21498941 79763
1 38771U 12049A   14093.76158148  .00000157  00000-0  91789-4 0  4614
2 38771  98.6916 154.9799 0002715  72.0492 288.0981 14.21499637 79996
1 38771U 12049A   14095.16934092  .00000141  00000-0  84202-4 0  4626
2 38771  98.6914 156.3665 0002663  69.5406 290.6057 14.21500354 80196
1 38771U 12049A   14097.14020223  .00000176  00000-0  10058-3 0  4634
2 38771  98.6913 158.3073 0002547  66.1015 294.0428 14.21500920 80470
1 38771U 12049A   14098.20908001  .00000164  00000-0  94844-4 0  4645
2 38771  98.6911 159.3600 0002601  64.2325   2.7026 14.21501470 80625
1 38771U 12049A   14099.25994867  .00000135  00000-0  81777-4 0  4656
2 38771  98.6908 160.3949 0002544  62.0482 339.5710 14.21502046 80772
1 38771U 12049A   14100.82242841  .00000131  00000-0  79842-4 0  4667
2 38771  98.6905 161.9337 0002468  58.5815  54.3705 14.21502409 80995
1 38771U 12049A   14102.14805942  .00000172  00000-0  98756-4 0  4672
2 38771  98.6903 163.2392 0002401  55.1094 357.8104 14.21503244 81182
1 38771U 12049A   14103.77779560  .00000151  00000-0  88771-4 0  4682
2 38771  98.6900 164.8443 0002318  52.1839  56.0596 14.21504388 81413
1 38771U 12049A   14105.17597115  .00000096  00000-0  63948-4 0  4690
2 38771  98.6898 166.2212 0002247  48.9693  10.2802 14.21504996 81610
1 38771U 12049A   14106.29875756  .00000100  00000-0  65503-4 0  4701
2 38771  98.6897 167.3267 0002200  46.5132 355.2610 14.21505513 81774
1 38771U 12049A   14107.79552630  .00000173  00000-0  98863-4 0  4716
2 38771  98.6896 168.8005 0002118  43.7035  93.3410 14.21506384 81986
1 38771U 12049A   14109.18914307  .00000172  00000-0  98516-4 0  4729
2 38771  98.6895 170.1727 0002036  40.2927  24.4507 14.21507253 82184
1 38771U 12049A   14110.81718753  .00000181  00000-0  10250-3 0  4737
2 38771  98.6894 171.7758 0001945  36.7446  74.6939 14.21508462 82413
1 38771U 12049A   14112.13854933  .00000203  00000-0  11252-3 0  4744
2 38771  98.6892 173.0769 0001870  33.5261 356.0727 14.21508937 82605
1 38771U 12049A   14113.26707894  .00000194  00000-0  10864-3 0  4750
2 38771  98.6890 174.1880 0001789  30.7237  10.7880 14.21509367 82769
1 38771U 12049A   14114.39516449  .00000152  00000-0  89479-4 0  4763
2 38771  98.6889 175.2988 0001725  27.1096  24.0457 14.21509944 82928
1 38771U 12049A   14115.81460481  .00000120  00000-0  74640-4 0  4775
2 38771  98.6885 176.6965 0001652  23.4900  87.4607 14.21510481 83127
1 38771U 12049A   14117.14058162  .00000133  00000-0  80652-4 0  4787
2 38771  98.6883 178.0021 0001550  19.9419  32.7827 14.21510977 83314
1 38771U 12049A   14118.19884993  .00000103  00000-0  66864-4 0  4799
2 38771  98.6881 179.0439 0001462  17.1611  48.1289 14.21511450 83468
1 38771U 12049A   14119.61688649  .00000079  00000-0  56055-4 0  4802
2 38771  98.6880 180.4401 0001371  13.3836 104.5283 14.21511994 83664
1 38771U 12049A   14120.16799392  .00000084  00000-0  58130-4 0  4815
2 38771  98.6881 180.9827 0001186  17.8721  38.6305 14.21480556 83748
1 38771U 12049A   14121.65693706  .00000013  00000-0  25950-4 0  4829
2 38771  98.6882 182.4484 0001096  11.3279 100.2834 14.21480274 83955
1 38771U 12049A   14122.78829698  .00000051  00000-0  43319-4 0  4837
2 38771  98.6883 183.5621 0001005   2.5329 135.3513 14.21480732 84110
1 38771U 12049A   14124.18126125  .00000061  00000-0  47808-4 0  4847
2 38771  98.6883 184.9333 0000927 353.2350  68.8840 14.21481223 84318
1 38771U 12049A   14125.30334093  .00000087  00000-0  59832-4 0  4856
2 38771  98.6882 186.0378 0000875 351.9450  48.9887 14.21481635 84471
1 38771U 12049A   14126.80019220  .00000104  00000-0  67504-4 0  4860
2 38771  98.6880 187.5113 0000801 342.1508 154.3465 14.21481928 84689
1 38771U 12049A   14127.78576682  .00000117  00000-0  73584-4 0    10
2 38771  98.6879 188.4815 0000762 337.1666 159.9983 14.21482226 84836
1 38771U 12049A   14128.77131152  .00000123  00000-0  76198-4 0    10
2 38771  98.6877 189.4517 0000726 332.2569 165.4243 14.21482837 84976
1 38771U 12049A   14129.82235911  .00000137  00000-0  82469-4 0    18
2 38771  98.6876 190.4864 0000695 324.6472 148.5647 14.21483051 85122
1 38771U 12049A   14130.80752400  .00000168  00000-0  96671-4 0    19
2 38771  98.6874 191.4563 0000658 318.5518 153.2374 14.21483320 85263
1 38771U 12049A   14131.79210457  .00000146  00000-0  86828-4 0  4911
2 38771  98.6872 192.4256 0000637 312.1240 155.2539 14.21483788 85397
1 38771U 12049A   14132.78320546  .00000132  00000-0  80181-4 0    10
2 38771  98.6871 193.4013 0000626 303.3275 192.9882 14.21484419 85544
1 38771U 12049A   14133.63133228  .00000122  00000-0  75921-4 0  4945
2 38771  98.6871 194.2362 0000645 294.4157 219.6054 14.21484808 85652
1 38771U 12049A   14134.82006881  .00000132  00000-0  80477-4 0  4955
2 38771  98.6870 195.4064 0000682 282.8953 190.8674 14.21485307 85821
1 38771U 12049A   14136.14556902  .00000114  00000-0  71930-4 0  4961
2 38771  98.6868 196.7111 0000667 274.3119 138.6658 14.21485808 86018
1 38771U 12049A   14137.26957483  .00000119  00000-0  74325-4 0  4971
2 38771  98.6868 197.8174 0000684 265.8445 135.8152 14.21486309 86177
1 38771U 12049A   14138.76659508  .00000068  00000-0  51101-4 0  4985
2 38771  98.6868 199.2909 0000713 255.7206 242.3913 14.21486958 86387
1 38771U 12049A   14140.15767808  .00000103  00000-0  67118-4 0  4990
2 38771  98.6868 200.6601 0000726 246.8961 165.8607 14.21486951 86580
1 38771U 12049A   14142.77899087  .00000062  00000-0  48445-4 0  5015
2 38771  98.6866 203.2402 0000914 231.3440 268.0240 14.21487817 86958
1 38771U 12049A   14143.25271409  .00000063  00000-0  48760-4 0  5023
2 38771  98.6866 203.7065 0000924 229.1502 173.0594 14.21487963 87021
1 38771U 12049A   14144.81477082  .00000063  00000-0  48799-4 0  5034
2 38771  98.6864 205.2441 0001042 223.0070 248.2926 14.21488192 87242
1 38771U 12049A   14146.14069770  .00000078  00000-0  55597-4 0  5044
2 38771  98.6863 206.5493 0001236 217.2760 195.4495 14.21494675 87436
1 38771U 12049A   14147.26471556  .00000058  00000-0  46607-4 0  5058
2 38771  98.6859 207.6556 0001160 212.0840 189.4282 14.21496864 87597
1 38771U 12049A   14148.76183475  .00000037  00000-0  36619-4 0  5064
2 38771  98.6857 209.1292 0001266 207.6642 290.8632 14.21497328 87802
1 38771U 12049A   14149.81198022  .00000056  00000-0  45723-4 0  5073
2 38771  98.6857 210.1628 0001309 204.2771 265.2210 14.21497380 87953
1 38771U 12049A   14151.13829087  .00000047  00000-0  41556-4 0  5084
2 38771  98.6857 211.4681 0001395 200.6064 212.3084 14.21497798 88143
1 38771U 12049A   14152.26229769  .00000073  00000-0  53075-4 0  5099
2 38771  98.6857 212.5742 0001448 197.0820 204.5664 14.21498320 88308
1 38771U 12049A   14153.76045958  .00000058  00000-0  46268-4 0  5102
2 38771  98.6858 214.0485 0001542 192.8232 311.1818 14.21498260 88517
1 38771U 12049A   14154.80948347  .00000055  00000-0  44846-4 0  5110
2 38771  98.6859 215.0809 0001592 189.3635 279.8796 14.21498262 88665
1 38771U 12049A   14156.13579152  .00000059  00000-0  46828-4 0  5129
2 38771  98.6858 216.3861 0001686 186.1615 226.4901 14.21498495 88858
1 38771U 12049A   14157.82736466  .00000068  00000-0  51030-4 0  5142
2 38771  98.6857 218.0509 0001807 183.1374 241.0748 14.21498916 89096
1 38771U 12049A   14159.22259291 -.00000060  00000-0 -76872-5 0  5151
2 38771  98.6853 219.4218 0001806 168.6824 191.4349 14.21498297 89290
1 38771U 12049A   14159.29298188  .00000017  00000-0  27750-4 0  5167
2 38771  98.6853 219.4909 0001823 169.0754 191.0483 14.21498714 89304
1 38771U 12049A   14160.43003594  .00000084  00000-0  58456-4 0  5172
2 38771  98.6854 220.6125 0001922 176.8663 238.7290 14.21499559 89464
1 38771U 12049A   14161.78289622  .00000071  00000-0  52199-4 0  5184
2 38771  98.6852 221.9440 0001985 174.1679 320.6423 14.21500145 89657
1 38771U 12049A   14162.83799681  .00000062  00000-0  48310-4 0  5193
2 38771  98.6851 222.9825 0002041 172.2698 318.8636 14.21500604 89800
1 38771U 12049A   14164.15468944  .00000080  00000-0  56506-4 0  5203
2 38771  98.6850 224.2783 0002108 169.8184 215.5562 14.21500972 89992
1 38771U 12049A   14165.28473047  .00000065  00000-0  49576-4 0  5211
2 38771  98.6849 225.3903 0002189 168.0836 236.9011 14.21501446 90153
1 38771U 12049A   14166.78014832  .00000048  00000-0  41700-4 0  5223
2 38771  98.6849 226.8619 0002268 164.8429 328.4782 14.21501888 90368
1 38771U 12049A   14168.09492181  .00000055  00000-0  45055-4 0  5232
2 38771  98.6849 228.1556 0002321 161.8715 215.8818 14.21502034 90552
1 38771U 12049A   14169.29618310  .00000041  00000-0  38596-4 0  5247
2 38771  98.6849 229.3376 0002369 158.2187 243.4075 14.21502110 90726
1 38771U 12049A   14170.78726050  .00000042  00000-0  39067-4 0  5250
2 38771  98.6849 230.8048 0002445 156.1663 311.6023 14.21502349 90938
1 38771U 12049A   14172.11479847  .00000034  00000-0  35526-4 0  5266
2 38771  98.6847 232.1113 0002506 153.4548 264.0316 14.21502680 91120
1 38771U 12049A   14173.17072993  .00000037  00000-0  36872-4 0  5273
2 38771  98.6846 233.1504 0002552 152.2231 265.8466 14.21502803 91279
1 38771U 12049A   14174.29371765  .00000045  00000-0  40472-4 0  5287
2 38771  98.6844 234.2556 0002599 150.3895 251.2248 14.21502780 91431
1 38771U 12049A   14175.78462437  .00000033  00000-0  34874-4 0  5296
2 38771  98.6841 235.7228 0002661 147.4804 319.4065 14.21503085 91643
1 38771U 12049A   14177.10494183  .00000020  00000-0  29234-4 0  5309
2 38771  98.6839 237.0221 0002713 145.4232 234.2557 14.21503447 91832
1 38771U 12049A   14178.16154076  .00000020  00000-0  29248-4 0  5316
2 38771  98.6838 238.0618 0002747 142.5086 241.1698 14.21503566 91985
1 38771U 12049A   14179.29169851  .00000027  00000-0  32266-4 0  5320
2 38771  98.6838 239.1737 0002786 140.8854 263.0118 14.21503706 92141
1 38771U 12049A   14180.78821287  .00000027  00000-0  32027-4 0  5330
2 38771  98.6838 240.6461 0002840 138.5092 359.3455 14.21504123 92351
1 38771U 12049A   14182.10987346  .00000008  00000-0  23755-4 0  5345
2 38771  98.6839 241.9465 0002867 136.6059 280.9144 14.21504596 92540
1 38771U 12049A   14183.30322083  .00000044  00000-0  39801-4 0  5359
2 38771  98.6839 243.1206 0002880 134.8781 266.0502 14.21504682 92712
1 38771U 12049A   14184.80004898  .00000047  00000-0  41338-4 0  5368
2 38771  98.6839 244.5932 0002922 132.2263   4.2704 14.21505181 92921
1 38771U 12049A   14186.12243799  .00000063  00000-0  48861-4 0  5377
2 38771  98.6838 245.8943 0002929 130.4847 289.4078 14.21505672 93119
1 38771U 12049A   14187.24530286  .00000063  00000-0  48486-4 0  5385
2 38771  98.6836 246.9993 0002957 127.9215 274.8973 14.21505926 93276
1 38771U 12049A   14188.30103181  .00000100  00000-0  65387-4 0  5395
2 38771  98.6835 248.0380 0002976 125.8140 276.5649 14.21506049 93426
1 38771U 12049A   14189.79762678  .00000114  00000-0  72207-4 0  5407
2 38771  98.6832 249.5107 0002999 123.1378  13.6245 14.21506840 93639
1 38771U 12049A   14191.11972275  .00000102  00000-0  66547-4 0  5410
2 38771  98.6829 250.8116 0003028 120.2525 298.4139 14.21507572 93825
1 38771U 12049A   14192.24303700  .00000076  00000-0  54617-4 0  5422
2 38771  98.6828 251.9169 0003040 118.2165 285.6821 14.21507953 93981
1 38771U 12049A   14193.29841843  .00000077  00000-0  55135-4 0  5431
2 38771  98.6827 252.9552 0003048 116.3569 285.3309 14.21507965 94131
1 38771U 12049A   14194.35637697  .00000040  00000-0  38091-4 0  5442
2 38771  98.6827 253.9961 0003056 114.6119 298.0457 14.21508400 94283
1 38771U 12049A   14195.41310199  .00000038  00000-0  37272-4 0  5453
2 38771  98.6827 255.0356 0003049 113.2210 304.0992 14.21508582 94433
1 38771U 12049A   14196.76631185 -.00000001  00000-0  19624-4 0  5466
2 38771  98.6828 256.3669 0003035 111.0133  27.3540 14.21509001 94622
1 38771U 12049A   14197.81686550  .00000007  00000-0  22957-4 0  5478
2 38771  98.6828 257.4003 0003057 108.7630   2.7066 14.21508891 94777
1 38771U 12049A   14199.14277020  .00000030  00000-0  33573-4 0  5487
2 38771  98.6829 258.7047 0003038 106.6819 306.1841 14.21508803 94961
1 38771U 12049A   14200.26683646  .00000009  00000-0  23972-4 0  5497
2 38771  98.6828 259.8105 0003030 104.7590 297.1908 14.21509068 95120
1 38771U 12049A   14201.76380534  .00000006  00000-0  22770-4 0  5507
2 38771  98.6826 261.2832 0003024 101.9885  36.2733 14.21509234 95337
1 38771U 12049A   14202.81444756  .00000021  00000-0  29690-4 0  5517
2 38771  98.6824 262.3169 0003013 100.1773  11.6411 14.21509156 95484
1 38771U 12049A   14204.13575625  .00000033  00000-0  34873-4 0  5527
2 38771  98.6821 263.6169 0003018  97.5148 292.1944 14.21509248 95675
1 38771U 12049A   14205.12548612  .00000022  00000-0  30062-4 0  5538
2 38771  98.6817 264.5908 0002955  95.7929 315.8949 14.21492558 95816
1 38771U 12049A   14205.60813712 -.00000908  00000-0  00000+0 0  5546
2 38771  98.6825 265.0649 0002796  87.6670 272.5315 14.21491882 95881
1 38771U 12049A   14206.24977936  .00000015  00000-0  26620-4 0  5556
2 38771  98.6816 265.6968 0002885  94.1608 307.7021 14.21491994 95973
1 38771U 12049A   14207.81144760  .00000001  00000-0  20357-4 0  5568
2 38771  98.6813 267.2330 0002888  91.3084  17.6784 14.21491964 96196
1 38771U 12049A   14209.13783332  .00000032  00000-0  34532-4 0  5574
2 38771  98.6813 268.5377 0002791  89.4819 323.2802 14.21492233 96386
1 38771U 12049A   14210.26186185  .00000037  00000-0  36606-4 0  5583
2 38771  98.6813 269.6432 0002750  87.5727 314.0131 14.21492635 96549
1 38771U 12049A   14211.76002921  .00000031  00000-0  33955-4 0  5593
2 38771  98.6813 271.1165 0002719  85.0970  58.8424 14.21493076 96759
1 38771U 12049A   14213.15005515  .00000073  00000-0  53066-4 0  5603
2 38771  98.6813 272.4837 0002689  82.4348 330.7727 14.21493296 96959
1 38771U 12049A   14214.27571043  .00000073  00000-0  53429-4 0  5615
2 38771  98.6813 273.5908 0002659  80.6116 329.7429 14.21493733 97112
1 38771U 12049A   14215.77095447  .00000048  00000-0  41863-4 0  5622
2 38771  98.6811 275.0615 0002612  78.0903  59.6704 14.21494147 97324
1 38771U 12049A   14217.66624728  .00000073  00000-0  53233-4 0  5635
2 38771  98.6808 276.9257 0002564  74.6285  36.5884 14.21494363 97595
1 38771U 12049A   14218.79159516  .00000105  00000-0  68100-4 0  5644
2 38771  98.6805 278.0327 0002530  72.5733  34.2248 14.21494440 97754
1 38771U 12049A   14220.11958722  .00000082  00000-0  57412-4 0  5658
2 38771  98.6803 279.3389 0002454  70.1001 348.7002 14.21494952 97941
1 38771U 12049A   14221.24290102  .00000061  00000-0  47587-4 0  5664
2 38771  98.6800 280.4437 0002397  68.0134 335.9667 14.21495276 98108
1 38771U 12049A   14222.29826766  .00000059  00000-0  47069-4 0  5674
2 38771  98.6799 281.4817 0002369  66.0062 335.6402 14.21495390 98252
1 38771U 12049A   14223.78932545  .00000019  00000-0  28746-4 0  5680
2 38771  98.6797 282.9480 0002294  63.3706  44.2810 14.21495874 98460
1 38771U 12049A   14225.39767824 -.00000003  00000-0  18683-4 0  5701
2 38771  98.6797 284.5295 0002229  60.0817 353.4819 14.21496275 98692
1 38771U 12049A   14226.81676881  .00000007  00000-0  22986-4 0  5716
2 38771  98.6797 285.9249 0002167  57.1387  54.3599 14.21496270 98895
1 38771U 12049A   14228.14267167  .00000026  00000-0  31894-4 0  5727
2 38771  98.6797 287.2288 0002106  54.5435 358.2810 14.21496138 99088
1 38771U 12049A   14229.77840289  .00000021  00000-0  29294-4 0  5736
2 38771  98.6797 288.8373 0002006  50.8665  87.8992 14.21496503 99311
1 38771U 12049A   14231.81412553  .00000056  00000-0  45504-4 0  5755
2 38771  98.6793 290.8393 0001865  46.0552  64.4113 14.21496692 99603
1 38771U 12049A   14233.44776620  .00000045  00000-0  40479-4 0  5769
2 38771  98.6788 292.4459 0001791  43.0895 142.6294 14.21497017 99839
1 38771U 12049A   14234.77547997  .00000041  00000-0  38604-4 0  5773
2 38771  98.6784 293.7516 0001747  40.9847  95.3247 14.21497459100023
1 38771U 12049A   14235.82734014  .00000027  00000-0  32222-4 0  5783
2 38771  98.6781 294.7859 0001679  38.5811  77.4684 14.21497737100170
1 38771U 12049A   14237.15238733  .00000050  00000-0  42900-4 0  5799
2 38771  98.6778 296.0887 0001578  34.4108  18.5951 14.21497914100365
1 38771U 12049A   14239.63738302  .00000063  00000-0  48704-4 0  5805
2 38771  98.6777 298.5319 0001389  26.5994 135.9222 14.21498943100713
1 38771U 12049A   14241.30292209  .00000041  00000-0  38829-4 0  5817
2 38771  98.6776 300.1694 0001364  25.2641  15.6684 14.21499108100952
1 38771U 12049A   14242.79415774  .00000035  00000-0  35997-4 0  5822
2 38771  98.6776 301.6353 0001279  22.1382  85.7294 14.21499457101169
1 38771U 12049A   14244.12240736  .00000043  00000-0  39664-4 0  5830
2 38771  98.6776 302.9411 0001190  16.5991  44.6109 14.21499750101359
1 38771U 12049A   14245.41430556  .00000039  00000-0  37622-4 0  5842
2 38771  98.6775 304.2112 0001104  10.0202 178.6156 14.21499861101533
1 38771U 12049A   14246.74368457  .00000053  00000-0  44200-4 0  5856
2 38771  98.6772 305.5183 0001045   6.7667 140.9919 14.21499990101726
1 38771U 12049A   14247.79736817  .00000067  00000-0  50386-4 0  5869
2 38771  98.6769 306.5542 0000982   2.8801 133.9539 14.21500218101870
1 38771U 12049A   14249.25691411  .00000063  00000-0  48611-4 0  5877
2 38771  98.6764 307.9891 0000896 355.1997  46.4965 14.21500842102089
1 38771U 12049A   14249.45995912  .00000102  00000-0  46552-4 0  5799
2 38771  98.6772 308.1852 0001556 334.5613  25.6129 14.21499830102117
1 38771U 12049A   14250.44539045  .00000102  00000-0  46501-4 0  5795
2 38771  98.6770 309.1540 0001551 332.1199  28.0541 14.21500002102252
1 38771U 12049A   14250.75566315  .00000050  00000-0  42961-4 0  5887
2 38771  98.6761 309.4625 0000818 346.8859 160.1820 14.21501320102295
1 38771U 12049A   14252.14501149  .00000069  00000-0  51464-4 0  5895
2 38771  98.6758 310.8282 0000751 338.5875  74.3228 14.21501641102494
1 38771U 12049A   14253.77963797  .00000092  00000-0  61909-4 0  5909
2 38771  98.6756 312.4348 0000684 327.5779 165.6548 14.21502297102722
1 38771U 12049A   14255.10173028  .00000087  00000-0  59640-4 0  5912
2 38771  98.6756 313.7342 0000637 318.8601  96.2366 14.21502951102910
1 38771U 12049A   14256.29568593  .00000094  00000-0  62843-4 0  5926
2 38771  98.6756 314.9076 0000586 311.6346  89.9733 14.21503439103085
1 38771U 12049A   14256.29568593  .00000094  00000-0  62843-4 0  5948
2 38771  98.6756 314.9076 0000586 311.6346  89.9733 14.21503439103085
1 38771U 12049A   14258.44118056  .00000081  00000-0  56952-4 0  5964
2 38771  98.6755 317.0163 0000572 291.5805 283.2065 14.21503872103387
1 38771U 12049A   14259.76358878  .00000073  00000-0  53320-4 0  5976
2 38771  98.6754 318.3162 0000613 280.2622 218.0131 14.21504256103575
1 38771U 12049A   14260.81394888  .00000108  00000-0  69052-4 0  5984
2 38771  98.6751 319.3486 0000609 272.6055 197.7639 14.21504330103728
1 38771U 12049A   14262.14007220  .00000103  00000-0  67066-4 0  5992
2 38771  98.6747 320.6521 0000651 262.3350 150.5254 14.21504513103913
1 38771U 12049A   14263.12530159  .00000107  00000-0  69002-4 0  6114
2 38771  98.6743 321.6205 0000680 254.8456 156.9961 14.21505042104053
1 38771U 12049A   14264.24963164  .00000083  00000-0  57833-4 0  6127
2 38771  98.6740 322.7256 0000730 248.0817 154.1774 14.21505470104215
1 38771U 12049A   14265.40462963  .00000093  00000-0  62353-4 0  6132
2 38771  98.6738 323.8607 0000776 242.1798 307.3516 14.21505759104370
1 38771U 12049A   14266.79664068  .00000079  00000-0  55866-4 0  6152
2 38771  98.6735 325.2287 0000855 235.2531 233.7605 14.21506158104570
1 38771U 12049A   14266.80195525  .00000079  00000-0  55887-4 0  6165
2 38771  98.6735 325.2339 0000854 235.1723 261.0229 14.21506164104572
1 38771U 12049A   14267.13762082  .00000074  00000-0  53648-4 0  6179
2 38771  98.6734 325.5637 0000840 232.6978 180.2689 14.21506245104622
1 38771U 12049A   14268.19593222  .00000073  00000-0  53419-4 0  6180
2 38771  98.6734 326.6036 0000908 228.5740 197.1591 14.21506933104772
1 38771U 12049A   14269.41710648  .00000076  00000-0  54719-4 0  6209
2 38771  98.6734 327.8035 0000959 222.2171 329.2534 14.21507341104947
1 38771U 12049A   14270.74590470  .00000102  00000-0  66697-4 0  6215
2 38771  98.6733 329.1092 0000995 214.8172 292.8404 14.21507891105135
1 38771U 12049A   14272.13506436  .00000128  00000-0  78370-4 0  6229
2 38771  98.6733 330.4742 0001097 210.4002 202.1666 14.21508221105334
1 38771U 12049A   14273.42954861  .00000129  00000-0  78686-4 0  6233
2 38771  98.6733 331.7462 0001199 208.5747 344.6820 14.21508844105519
1 38771U 12049A   14274.82139594  .00000128  00000-0  78237-4 0  6248
2 38771  98.6731 333.1138 0001299 207.3072 264.6116 14.21509203105713
1 38771U 12049A   14276.14221569  .00000152  00000-0  89155-4 0  6258
2 38771  98.6727 334.4117 0001376 204.7827 182.5267 14.21509584105902
1 38771U 12049A   14277.27118435  .00000156  00000-0  91095-4 0  6261
2 38771  98.6723 335.5210 0001434 201.3530 200.1170 14.21510267106061
1 38771U 12049A   14278.76829325  .00000144  00000-0  85667-4 0  6279
2 38771  98.6718 336.9921 0001497 194.8152 303.6889 14.21511184106272
1 38771U 12049A   14280.16012605  .00000110  00000-0  70155-4 0  6281
2 38771  98.6714 338.3596 0001563 190.8388 226.2638 14.21511780106479
1 38771U 12049A   14281.28395648  .00000138  00000-0  82924-4 0  6294
2 38771  98.6711 339.4636 0001626 187.7932 217.1990 14.21511988106631
1 38771U 12049A   14282.19022815  .00000023  00000-0  10366-4 0  6304
2 38771  98.6994 340.3513 0001958 138.1426 222.0391 14.21525575106935
1 38771U 12049A   14282.63482917  .00000117  00000-0  73303-4 0  6311
2 38771  98.7033 340.7943 0001627 173.7958 300.2990 14.21509374106820
1 38771U 12049A   14283.76577060 -.00000023  00000-0  95673-5 0  6323
2 38771  98.7032 341.9095 0001693 171.0538 327.2925 14.21509623106989
1 38771U 12049A   14284.81660282  .00000059  00000-0  46823-4 0  6330
2 38771  98.7032 342.9455 0001730 169.7055 303.1738 14.21510173107135
1 38771U 12049A   14286.14224071  .00000056  00000-0  45595-4 0  6343
2 38771  98.7032 344.2525 0001804 166.3611 246.5580 14.21510435107328
1 38771U 12049A   14287.20075052  .00000043  00000-0  39583-4 0  6351
2 38771  98.7032 345.2961 0001842 165.0961 261.6236 14.21510951107474
1 38771U 12049A   14288.61852840  .00000021  00000-0  29422-4 0  6363
2 38771  98.7031 346.6940 0001887 164.0210 313.9961 14.21511506107675
1 38771U 12049A   14289.67293862  .00000037  00000-0  36801-4 0  6370
2 38771  98.7029 347.7336 0001941 161.5704 309.2853 14.21511698107821
1 38771U 12049A   14291.13974478  .00000057  00000-0  45968-4 0  6380
2 38771  98.7025 349.1800 0001994 158.9299 253.9863 14.21512047108035
1 38771U 12049A   14292.19823264  .00000235  00000-0  12728-3 0  6399
2 38771  98.7021 350.2236 0002026 156.9913 269.6187 14.21512506108184
1 38771U 12049A   14293.82681552  .00000184  00000-0  10420-3 0  6404
2 38771  98.7016 351.8291 0002054 155.0835 321.0071 14.21513609108416
1 38771U 12049A   14295.15186553  .00000249  00000-0  13396-3 0  6411
2 38771  98.7013 353.1353 0002043 153.5570 259.5837 14.21514086108600
1 38771U 12049A   14295.79613622  .00000220  00000-0  12080-3 0  6422
2 38771  98.7348 353.7707 0002095 147.8009 320.4481 14.21450340108694
1 38771U 12049A   14296.21055187  .00000226  00000-0  12362-3 0  6436
2 38771  98.7326 354.1839 0002150 139.2972 288.4302 14.21462760108758
1 38771U 12049A   14296.61968387  .00003657  00000-0  16729-2 0  6447
2 38771  98.7339 354.5887 0001434 138.0305 222.1466 14.21465196108819
1 38771U 12049A   14297.43123843  .00000157  00000-0  91823-4 0  6451
2 38771  98.7318 355.3899 0002070 137.5419  53.2307 14.21461669108925
1 38771U 12049A   14298.75950863  .00000278  00000-0  14718-3 0  6469
2 38771  98.7319 356.7039 0002206 134.0483  10.0005 14.21462753109114
1 38771U 12049A   14300.14950812  .00000214  00000-0  11820-3 0  6472
2 38771  98.7317 358.0786 0002249 131.8059 281.2300 14.21463277109311
1 38771U 12049A   14301.64904039  .00000180  00000-0  10243-3 0  6489
2 38771  98.7318 359.5616 0002256 129.8509  32.3658 14.21464489109525
1 38771U 12049A   14302.76446140  .00000119  00000-0  74485-4 0  6499
2 38771  98.7316   0.6649 0002300 127.7496 339.1610 14.21464826109683
1 38771U 12049A   14304.16242935  .00000144  00000-0  85785-4 0  6506
2 38771  98.7314   2.0476 0002270 125.9989 290.6638 14.21465404109884
1 38771U 12049A   14305.79151844  .00000157  00000-0  91769-4 0  6518
2 38771  98.7309   3.6589 0002268 123.6102 344.8512 14.21465822110114
1 38771U 12049A   14307.19097390  .00000109  00000-0  69788-4 0  6523
2 38771  98.7304   5.0429 0002242 121.6601 304.1642 14.21466699110310
1 38771U 12049A   14308.81948637  .00000112  00000-0  71328-4 0  6530
2 38771  98.7300   6.6536 0002261 119.2163 355.4646 14.21467374110548
1 38771U 12049A   14310.14480557  .00000125  00000-0  77352-4 0  6549
2 38771  98.7297   7.9643 0002274 117.2822 295.6081 14.21468125110734
1 38771U 12049A   14311.20328226  .00000137  00000-0  82554-4 0  6555
2 38771  98.7295   9.0108 0002269 115.5374 310.8252 14.21468713110887
1 38771U 12049A   14312.62095847  .00000130  00000-0  79545-4 0  6562
2 38771  98.7295  10.4127 0002273 113.2937   3.6347 14.21469535111087
1 38771U 12049A   14313.67559861  .00000141  00000-0  84753-4 0  6579
2 38771  98.7295  11.4556 0002300 111.5599 359.2262 14.21469937111239
1 38771U 12049A   14315.27976954  .00000142  00000-0  84882-4 0  6588
2 38771  98.7295  13.0419 0002308 109.2036 285.9659 14.21470926111463
1 38771U 12049A   14316.77821278  .00000122  00000-0  75858-4 0  6594
2 38771  98.7294  14.5236 0002328 106.9580  31.8642 14.21471732111674
1 38771U 12049A   14318.23822494  .00000120  00000-0  75019-4 0  6607
2 38771  98.7293  15.9673 0002315 104.6551 301.2738 14.21472325111884
1 38771U 12049A   14320.14010354  .00000204  00000-0  11319-3 0  6610
2 38771  98.7288  17.8480 0002311 101.6673 311.2587 14.21473979112153
1 38771U 12049A   14321.83189948  .00000229  00000-0  12467-3 0  6626
2 38771  98.7284  19.5210 0002272  98.6006 326.8795 14.21474853112391
1 38771U 12049A   14323.02791993  .00000214  00000-0  11790-3 0  6631
2 38771  98.7281  20.7036 0002223  96.3624 326.0735 14.21475408112567
1 38771U 12049A   14328.01336441  .00000204  00000-0  11322-3 0  6649
2 38771  98.7281  25.6317 0002219  82.2894 277.8535 14.21477904113274
1 38771U 12049A   14331.95514618  .00000064  00000-0  49346-4 0  6653
2 38771  98.7281  29.5281 0002219  70.9199 289.2201 14.21479126113836
1 38771U 12049A   14336.03770404  .00043649  00000-0  19844-1 0  6668
2 38771  98.7281  33.5637 0002219  59.1442 301.0252 14.21499186114418
1 38771U 12049A   14338.71222146  .00000364  00000-0  18646-3 0  6703
2 38771  98.7286  36.2089 0002224  66.0368 292.8308 14.21484318114795
1 38771U 12049A   14338.71247907  .00000303  00000-0  13836-3 0  6681
2 38771  98.7270  36.2105 0002020  63.1248 297.0624 14.21484378114790
1 38771U 12049A   14338.71247919  .00000314  00000-0  14349-3 0  6697
2 38771  98.7273  36.2096 0002103  66.3037 293.8848 14.21484345115163
1 38771U 12049A   14342.09112489  .00000301  00000-0  15752-3 0  6714
2 38771  98.7286  39.5490 0001989  59.6890 300.4488 14.21486303115277
1 38771U 12049A   14343.51921841  .00000114  00000-0  72307-4 0  6725
2 38771  98.7252  40.9606 0001666  64.7300  39.3418 14.21487152115476
1 38771U 12049A   14344.65685441  .00000118  00000-0  73910-4 0  6730
2 38771  98.7253  42.0850 0001610  62.7919  99.6818 14.21487435115639
1 38771U 12049A   14346.18637193  .00000105  00000-0  67906-4 0  6746
2 38771  98.7252  43.5966 0001545  60.1213   5.0219 14.21488202115851
1 38771U 12049A   14347.23843245  .00000114  00000-0  72350-4 0  6750
2 38771  98.7250  44.6365 0001498  58.2999 347.5775 14.21488720116004
1 38771U 12049A   14348.29341561  .00000146  00000-0  86913-4 0  6767
2 38771  98.7248  45.6792 0001457  56.3600 345.2017 14.21489069116156
1 38771U 12049A   14349.44884259  .00000205  00000-0  11361-3 0  6772
2 38771  98.7245  46.8211 0001433  56.3481 134.6167 14.21489760116315
1 38771U 12049A   14351.11209535  .00000835  00000-0  40196-3 0  6785
2 38771  98.7242  48.4651 0001312  54.8589   2.7282 14.21472992116554
1 38771U 12049A   14352.16786289  .00000739  00000-0  35791-3 0  6796
2 38771  98.7239  49.5084 0001219  55.1649   2.0557 14.21473374116709
1 38771U 12049A   14353.72662682  .00000240  00000-0  12991-3 0  6805
2 38771  98.7234  51.0488 0001143  50.6667  58.7151 14.21472877116925
1 38771U 12049A   14355.05440616  .00000284  00000-0  14985-3 0  6818
2 38771  98.7232  52.3609 0001077  47.8192  12.3791 14.21473742117119
1 38771U 12049A   14356.18134757  .00000255  00000-0  13669-3 0  6826
2 38771  98.7230  53.4745 0001022  45.6039  18.2442 14.21475512117278
1 38771U 12049A   14357.67663684  .00000249  00000-0  13374-3 0  6834
2 38771  98.7229  54.9520 0000979  47.4406 103.9534 14.21476206117489
1 38771U 12049A   14359.20877179  .00000181  00000-0  10281-3 0  6852
2 38771  98.7229  56.4661 0000880  41.2049  26.1827 14.21476903117708
1 38771U 12049A   14360.69520907  .00000124  00000-0  76869-4 0  6864
2 38771  98.7228  57.9349 0000806  39.8479  69.8201 14.21477922117919
1 38771U 12049A   14362.16313547  .00000147  00000-0  87259-4 0  6879
2 38771  98.7226  59.3855 0000730  34.0643  23.2181 14.21477979118128
1 38771U 12049A   14363.65971590  .00000138  00000-0  83012-4 0  6886
2 38771  98.7222  60.8642 0000662  37.7760 113.6699 14.21478522118335
1 38771U 12049A   14364.85213337  .00000110  00000-0  70147-4 0  6893
2 38771  98.7220  62.0425 0000591  33.5587  96.4312 14.21479121118503
