1 13923U 83022A   83087.70638575 -.00000021  00000-0  00000-0 0    18
2 13923  98.7179 118.0422 0048132 157.3034 203.0289 14.28110504    00
1 13923U 83022A   83087.77671847 -.00000009  00000-0  00000-0 0    21
2 13923  98.7534 118.0372 0016172 263.9616  95.9594 14.22318172    11
1 13923U 83022A   83087.91741999 -.00000009  00000-0  00000-0 0    34
2 13923  98.7529 118.1785 0015621 262.2376  97.7036 14.22297001    37
1 13923U 83022A   83087.98776833  .02224332  00000-0  00000-0 0    45
2 13923  98.7533 118.2485 0015610 262.0421  97.8968 14.22293663    43
1 13923U 83022A   83088.05810958  .00302176  00000-0  03587-1 0    57
2 13923  98.7508 118.3183 0015598 261.8527  98.0415 14.22288895    52
1 13923U 83022A   83088.26916785 -.00025261  00000-0  01358-2 0    69
2 13923  98.7532 118.5287 0015639 261.6937  98.2496 14.22269440    84
1 13923U 83022A   83088.26916785 -.00025261  00000-0  01358-2 0    69
2 13923  98.7532 118.5287 0015639 261.6937  98.2496 14.22269440    84
1 13923U 83022A   83088.97263861  .01238765  00000-0  05715-1 0    73
2 13923  98.7533 119.2290 0015720 259.3777 100.4449 14.22270298   193
1 13923U 83022A   83088.97263861  .01238765  00000-0  05715-1 0    73
2 13923  98.7533 119.2290 0015720 259.3777 100.4449 14.22270298   193
1 13923U 83022A   83089.11336001  .00044636  00000-0  00077-2 0    86
2 13923  98.7530 119.3683 0015627 258.4083 101.5334 14.22287560   200
1 13923U 83022A   83089.11336001  .00044636  00000-0  00077-2 0    86
2 13923  98.7530 119.3683 0015627 258.4083 101.5334 14.22287560   200
1 13923U 83022A   83089.67614196  .01654831  00000-0  04331-1 0    93
2 13923  98.7553 119.9266 0015625 256.7876 103.0716 14.22339630   282
1 13923U 83022A   83090.02774556  .00041600  00000-0  08591-2 0   109
2 13923  98.7529 120.2743 0015761 255.7376 103.4003 14.22299862   336
1 13923U 83022A   83090.37964133  .00005979  00000-0  06965-3 0   113
2 13923  98.7536 120.6244 0015660 254.4278 105.4688 14.22282791   388
1 13923U 83022A   83090.37964133  .00005979  00000-0  06965-3 0   113
2 13923  98.7536 120.6244 0015660 254.4278 105.4688 14.22282791   388
1 13923U 83022A   83090.66104889 -.00016002  00000-0  01932-3 0   130
2 13923  98.7520 120.9029 0015675 254.5757 105.3606 14.22266579   424
1 13923U 83022A   83090.66104889 -.00016002  00000-0  01932-3 0   130
2 13923  98.7520 120.9029 0015675 254.5757 105.3606 14.22266579   424
1 13923U 83022A   83090.87210031  .00127144  00000-0  07169-2 0   147
2 13923  98.7546 121.1126 0015719 253.9097 106.0485 14.22291756   453
1 13923U 83022A   83091.36454332  .00002577  00000-0  01666-3 0   156
2 13923  98.7517 121.6021 0015707 252.6518 107.2945 14.22281647   521
1 13923U 83022A   83092.56048447  .00000508  00000-0  03631-4 0   163
2 13923  98.7509 122.7925 0015808 248.7977 111.1521 14.22274971   698
1 13923U 83022A   83094.03782088  .00022563  00000-0  00151-2 0   171
2 13923  98.7529 124.2582 0015939 243.2505 116.7078 14.22292614   904
1 13923U 83022A   83094.38956196 -.00017875  00000-0  00355-3 0   181
2 13923  98.7520 124.6077 0015764 243.2725 116.6457 14.22268009   954
1 13923U 83022A   83095.09306190  .00010345  00000-0  06595-3 0   202
2 13923  98.7520 125.3060 0015909 240.2284 119.7302 14.22288990  1058
1 13923U 83022A   83095.37445813  .00004342  00000-0  09603-3 0   213
2 13923  98.7527 125.5852 0015902 240.2787 119.6730 14.22285366  1099
1 13923U 83022A   83096.07795509 -.00000219  00000-0  04102-5 0   223
2 13923  98.7529 126.2840 0016017 237.5430 122.4206 14.22278309  1198
1 13923U 83022A   83096.07795509 -.00000219  00000-0  04102-5 0   223
2 13923  98.7529 126.2840 0016017 237.5430 122.4206 14.22278309  1198
1 13923U 83022A   83096.57039948  .00003109  00000-0  04066-3 0   234
2 13923  98.7550 126.7723 0016220 235.1384 124.8253 14.22277641  1269
1 13923U 83022A   83098.54018354  .00000104  00000-0  00658-5 0   249
2 13923  98.7534 128.7283 0015975 230.6239 129.3526 14.22280121  1540
1 13923U 83022A   83099.31402708  .00008024  00000-0  06156-3 0   252
2 13923  98.7525 129.4968 0016240 228.3897 131.5915 14.22286034  1656
1 13923U 83022A   83100.36926991  .00002266  00000-0  00269-3 0   278
2 13923  98.7519 130.5450 0016153 225.1651 134.8286 14.22281837  1804
1 13923U 83022A   83101.28381128  .00000244  00000-0  01771-4 0   282
2 13923  98.7518 131.4535 0016257 222.3155 137.6826 14.22281170  1935
1 13923U 83022A   83104.16813538  .00000213  00000-0  09999-5 0   307
2 13923  98.7479 134.3182 0016304 211.3804 148.6410 14.22273445  2346
1 13923U 83022A   83105.15302674  .00000313  00000-0  04939-4 0   311
2 13923  98.7494 135.2943 0016371 210.4028 149.6221 14.22281075  2484
1 13923U 83022A   83106.20826690  .00002387  00000-0  00817-3 0   321
2 13923  98.7502 136.3424 0016491 206.9911 153.0456 14.22284698  2634
1 13923U 83022A   83107.40420469 -.00000191  00000-0  01784-5 0   337
2 13923  98.7502 137.5300 0016432 203.7844 156.2576 14.22282124  2804
1 13923U 83022A   83108.38909576  .00000237  00000-0  01487-4 0   346
2 13923  98.7501 138.5080 0016280 200.9241 159.1273 14.22282505  2944
1 13923U 83022A   83109.44399975  .00000239  00000-0  01587-4 0   264
2 13923  98.7541 139.5502 0015659 199.5154 158.9042 14.22286320  3090
1 13923U 83022A   83124.14730541  .00000236  00000-0  11449-3 0   350
2 13923  98.7504 154.1494 0017166 155.5669 204.6325 14.22290033  5181
1 13923U 83022A   83127.24265731  .00000235  00000-0  11423-3 0   360
2 13923  98.7506 157.2252 0017557 147.0913 213.1383 14.22290771  5628
1 13923U 83022A   83153.41230725  .00000236  00000-0  11423-3 0   375
2 13923  98.7483 183.1938 0017844  74.4610 285.8536 14.22303247  9349
1 13923U 83022A   83160.51746321  .00000172  00000-0  81340-4 0   384
2 13923  98.7449 190.2415 0017976  55.4421 304.8450 14.22305319 10357
1 13923U 83022A   83170.08477395  .00000180  00000-0  84964-4 0   394
2 13923  98.7458 199.7340 0017746  29.1792 331.0374 14.22309016 11718
1 13923U 83022A   83183.16942065  .00000033  00000-0  19090-4 0   405
2 13923  98.7422 212.7160 0016607 352.9612   7.1331 14.22313135 13575
1 13923U 83022A   83189.92277777  .00000111  00000-0  54176-4 0   418
2 13923  98.7431 219.4156 0016342 332.5970  27.4348 14.22315537 14539
1 13923U 83022A   83193.01806828  .00012424  00000-0  55900-2 0   423
2 13923  98.7404 222.4865 0016077 323.6272  36.4042 14.22328740 14970
1 13923U 83022A   83193.58084517  .00012422  00000-0  55900-2 0   437
2 13923  98.7393 223.0454 0015722 322.3217  37.6858 14.22317822 15056
1 13923U 83022A   83195.48022078  .00012426  00000-0  55900-2 0   447
2 13923  98.7420 224.9307 0016374 315.7436  44.2432 14.22330836 15329
1 13923U 83022A   83195.83195333  .00000073  00000-0  37187-4 0   456
2 13923  98.7431 225.2771 0016162 315.5923  44.3575 14.22316862 15371
1 13923U 83022A   83196.04300235  .00000147  00000-0  69893-4 0   461
2 13923  98.7428 225.4862 0016184 314.9385  45.0487 14.22317560 15409
1 13923U 83022A   83196.67612827  .00000168  00000-0  79814-4 0   471
2 13923  98.7432 226.1143 0016054 313.0894  46.8939 14.22317974 15494
1 13923U 83022A   83197.59064446  .00000061  00000-0  31386-4 0   486
2 13923  98.7431 227.0219 0015879 309.8388  50.1377 14.22317296 15628
1 13923U 83022A   83206.87649460  .00000130  00000-0  62525-4 0   490
2 13923  98.7429 236.2321 0015746 281.4029  78.5380 14.22320258 16947
1 13923U 83022A   83213.62983316  .00000135  00000-0  64895-4 0   501
2 13923  98.7427 242.9305 0015664 260.5146  99.4261 14.22322308 17903
1 13923U 83022A   83222.14184946  .00000120  00000-0  58017-4 0   514
2 13923  98.7432 251.3721 0015666 234.9667 125.0041 14.22324238 19111
1 13923U 83022A   83233.04565511  .00000163  00000-0  77360-4 0   526
2 13923  98.7416 262.1871 0016365 200.9397 159.1114 14.22328115 20668
1 13923U 83022A   83248.24060412  .00000036  00000-0  20225-4 0   532
2 13923  98.7410 277.2566 0017132 157.1214 203.0723 14.22331404 22824
1 13923U 83022A   83255.90840810  .00000140  00000-0  67088-4 0   546
2 13923  98.7399 284.8594 0017595 135.6527 224.6064 14.22334072 23918
1 13923U 83022A   83266.53075479  .00000163  00000-0  77365-4 0   553
2 13923  98.7390 295.3895 0017879 106.6654 253.6488 14.22337142 25425
1 13923U 83022A   83277.64549637  .00000081  00000-0  40848-4 0   565
2 13923  98.7388 306.4078 0017877  76.0611 284.2553 14.22339008 27002
1 13923U 83022A   83281.58488858  .00000131  00000-0  62988-4 0   576
2 13923  98.7385 310.3123 0017861  65.2796 295.0227 14.22340768 27565
1 13923U 83022A   83292.20715341  .00000196  00000-0  92141-4 0   583
2 13923  98.7371 320.8394 0017471  35.6901 324.5440 14.22345325 29079
1 13923U 83022A   83298.53828643  .00000209  00000-0  10268-3 0   590
2 13923  98.7348 327.1133 0016887  18.7817 341.3979 14.22348031 29972
1 13923U 83022A   83304.09561007  .00000104  00000-0  51317-4 0   604
2 13923  98.7340 332.6175 0016676   2.7594 357.3675 14.22348413 30765
1 13923U 83022A   83311.05984070  .00000158  00000-0  75162-4 0   611
2 13923  98.7338 339.5166 0016559 342.4191  17.6430 14.22350930 31757
1 13923U 83022A   83316.47645648  .00000198  00000-0  93190-4 0   623
2 13923  98.7332 344.8817 0016304 326.5486  33.4671 14.22353203 32526
1 13923U 83022A   83328.57589238  .00000066  00000-0  33978-4 0   632
2 13923  98.7294 356.8630 0015803 288.7719  71.1739 14.22356151 34240
1 13923U 83022A   83334.06284319  .00000068  00000-0  34893-4 0   645
2 13923  98.7298   2.2962 0015817 272.4704  87.4670 14.22357143 35026
1 13923U 83022A   83339.54979081  .00000123  00000-0  59621-4 0   659
2 13923  98.7296   7.7293 0015828 255.7738 104.1681 14.22358980 35809
1 13923U 83022A   84008.66727656  .00000069  00000-0  35285-4 0   665
2 13923  98.7248  41.4975 0017254 155.4859 204.7137 14.22366848 40657
1 13923U 83022A   84020.20387130  .00000137  00000-0  65891-4 0   671
2 13923  98.7228  52.9142 0017727 123.3551 236.9330 14.22369543 42295
1 13923U 83022A   84033.07698843  .00000091  00000-0  44799-4 0   680
2 13923  98.7225  65.6511 0017846  87.4877 272.8344 14.22372034 44123
1 13923U 83022A   84044.26178994  .00000123  00000-0  59256-4 0   694
2 13923  98.7219  76.7164 0017658  56.9926 303.2945 14.22375275 45712
1 13923U 83022A   84052.63278241  .00000144  00000-0  68593-4 0   709
2 13923  98.7207  84.9965 0017437  33.7312 326.4972 14.22378018 46903
1 13923U 83022A   84060.01893825  .00000143  00000-0  68090-4 0   713
2 13923  98.7205  92.3029 0017096  13.1561 347.0067 14.22380066 47950
1 13923U 83022A   84068.03817446  .00000209  00000-0  97887-4 0   728
2 13923  98.7206 100.2365 0016097 349.0170  11.0812 14.22384033 49091
1 13923U 83022A   84073.80638713  .00000164  00000-0  77540-4 0   732
2 13923  98.7205 105.9354 0017549 335.7768  24.2528 14.22385372 49916
1 13923U 83022A   84078.87115287  .00000177  00000-0  83390-4 0   745
2 13923  98.7095 110.9500 0015365 314.1087  45.8938 14.22387644 50630
1 13923U 83022A   84091.04064251  .00000248  00000-0  11935-3 0   758
2 13923  98.7146 122.9812 0015586 280.2889  79.6544 14.22392856 52365
1 13923U 83022A   84103.13975120  .00000206  00000-0  10055-3 0   765
2 13923  98.7139 134.9429 0015852 243.4613 116.4941 14.22398365 54089
1 13923U 83022A   84113.90231090  .00000239  00000-0  11549-3 0   778
2 13923  98.7108 145.5836 0016243 209.9931 150.0318 14.22401946 55612
1 13923U 83022A   84115.87192951  .00000024  00000-0  14968-4 0   780
2 13923  98.7100 147.5293 0016376 204.0802 155.9617 14.22400904 55892
1 13923U 83022A   84121.07734113  .00000144  00000-0  68601-4 0   798
2 13923  98.7083 152.6729 0016643 189.1618 170.9263 14.22404031 56630
1 13923U 83022A   84124.80553755  .00000138  00000-0  65957-4 0   809
2 13923  98.7087 156.3568 0016836 178.1023 182.0219 14.22405216 57168
1 13923U 83022A   84129.23716454  .00000108  00000-0  52632-4 0   812
2 13923  98.7092 160.7367 0017074 165.3873 194.7797 14.22406079 57794
1 13923U 83022A   84140.35138653  .00000131  00000-0  62807-4 0   829
2 13923  98.7060 171.7194 0017661 134.6623 225.6003 14.22409117 59379
1 13923U 83022A   84153.36482751  .00000162  00000-0  76614-4 0   831
2 13923  98.7063 184.5742 0018073  98.3230 261.9997 14.22413744 61224
1 13923U 83022A   84159.62532952  .00000140  00000-0  66781-4 0   846
2 13923  98.7063 190.7580 0018139  81.5268 278.7965 14.22415394 62114
1 13923U 83022A   84173.41246881  .00000120  00000-0  58063-4 0   855
2 13923  98.7064 204.3786 0017809  44.3259 315.9340 14.22418278 64077
1 13923U 83022A   84179.60259801  .00000120  00000-0  57648-4 0   867
2 13923  98.7058 210.4924 0017512  27.1326 333.0756 14.22419873 64958
1 13923U 83022A   84197.61021191  .00000098  00000-0  47738-4 0   871
2 13923  98.7051 228.2748 0016899 336.2225  23.8170 14.22423476 67514
1 13923U 83022A   84221.24517582  .00000054  00000-0  28303-4 0   905
2 13923  98.7044 251.6159 0015665 264.4266  95.5124 14.22426269 70870
1 13923U 83022A   84232.85163207  .00000053  00000-0  27759-4 0   919
2 13923  98.7041 263.0761 0015701 228.8701 131.1120 14.22427685 72522
1 13923U 83022A   84247.13108875  .00000048  00000-0  25619-4 0   924
2 13923  98.7036 277.1751 0016362 185.1278 174.9735 14.22429269 74551
1 13923U 83022A   84298.55101123  .00000041  00000-0  22846-4 0   938
2 13923  98.6977 327.9170 0017666  41.5455 318.7062 14.22435170 81864
1 13923U 83022A   84318.03561248  .00000067  00000-0  34240-4 0   942
2 13923  98.6901 347.1284 0016675 346.9522  13.1225 14.22437922 84639
1 13923U 83022A   84335.55063103  .00000055  00000-0  28821-4 0   951
2 13923  98.6893   4.3944 0015986 295.0486  64.9032 14.22440047 87120
1 13923U 83022A   84360.38115976  .00000046  00000-0  25143-4 0   961
2 13923  98.6871  28.8646 0015940 218.8021 141.2013 14.22442937 90654
1 13923U 83022A   85035.39016138  .00000031  00000-0  17849-4 0   971
2 13923  98.6839  69.2624 0017762 100.3995 259.9186 14.22447068 96487
1 13923U 83022A   85053.04576661  .00000085  00000-0  42036-4 0   981
2 13923  98.6784  86.6486 0017609  53.5780 306.7023 14.22449461 98994
1 13923U 83022A   85063.38588275  .00000025  00000-0  15222-4 0   995
2 13923  98.6781  96.8293 0017383  24.4577 335.7421 14.22449684100467
1 13923U 83022A   85076.04723503  .00000042  00000-0  22799-4 0  1006
2 13923  98.6753 109.2957 0016422 348.3211  11.7591 14.22451052102269
1 13923U 83022A   85076.04723503  .00000042  00000-0  22799-4 0  1006
2 13923  98.6753 109.2957 0016422 348.3211  11.7591 14.22451052102269
1 13923U 83022A   85106.08276985  .00000026  00000-0  15766-4 0  1010
2 13923  98.6737 138.8573 0015591 257.6083 102.3347 14.22453443106534
1 13923U 83022A   85106.08276985  .00000026  00000-0  15766-4 0  1010
2 13923  98.6737 138.8573 0015591 257.6083 102.3347 14.22453443106534
1 13923U 83022A   85131.54615736  .00000041  00000-0  22505-4 0  1038
2 13923  98.6663 163.9082 0016762 179.4793 180.6404 14.22456582110159
1 13923U 83022A   85147.37282844  .00000050  00000-0  26212-4 0  1046
2 13923  98.6666 179.4721 0017556 134.4519 225.8096 14.22458515112400
1 13923U 83022A   85149.55338942  .00000052  00000-0  27230-4 0  1053
2 13923  98.6667 181.6168 0017602 128.3413 231.9349 14.22458779112713
1 13923U 83022A   85184.44224749  .00000036  00000-0  20420-4 0  1066
2 13923  98.6650 215.9207 0017730  33.5067 326.7231 14.22462573117674
1 13923U 83022A   85204.62988624  .00000059  00000-0  30236-4 0  1070
2 13923  98.6623 235.7661 0016516 336.3445  23.6971 14.22465157120548
1 13923U 83022A   85206.10702974  .00000054  00000-0  28246-4 0  1081
2 13923  98.6624 237.2180 0016443 332.1466  27.8830 14.22465229120751
1 13923U 83022A   85206.38839040  .00000053  00000-0  27988-4 0  1098
2 13923  98.6624 237.4945 0016439 331.3401  28.6872 14.22465247120796
1 13923U 83022A   85227.42009984  .00000044  00000-0  23802-4 0  1105
2 13923  98.6630 258.1676 0015555 267.4988  92.4409 14.22467172123787
1 13923U 83022A   85231.64051050  .00000044  00000-0  23512-4 0  1114
2 13923  98.6630 262.3163 0015549 254.0297 105.9168 14.22467575124389
1 13923U 83022A   85232.06255162  .00000045  00000-0  24151-4 0  1123
2 13923  98.6631 262.7311 0015557 252.8228 107.1251 14.22467646124441
1 13923U 83022A   85232.34391231  .00000046  00000-0  24572-4 0  1131
2 13923  98.6631 263.0079 0015555 251.9296 108.0191 14.22467685124489
1 13923U 83022A   85232.34391231  .00000046  00000-0  24572-4 0  1131
2 13923  98.6631 263.0079 0015555 251.9296 108.0191 14.22467685124489
1 13923U 83022A   85256.40025512  .00000042  00000-0  22836-4 0  1148
2 13923  98.6595 286.6488 0016580 178.2510 181.8729 14.22470178127909
1 13923U 83022A   85256.68161726  .00000021  00000-0  13730-4 0  1157
2 13923  98.6595 286.9252 0016591 177.2882 182.8382 14.22469828127944
1 13923U 83022A   85256.68161726  .00000021  00000-0  13730-4 0  1157
2 13923  98.6595 286.9252 0016591 177.2882 182.8382 14.22469828127944
1 13923U 83022A   85257.03331579  .00000198  00000-0  92712-4 0  1165
2 13923  98.6590 287.2706 0016687 176.4517 183.6786 14.22471155127997
1 13923U 83022A   85257.38501718  .00000071  00000-0  35798-4 0  1179
2 13923  98.6591 287.6163 0016697 175.4269 184.7063 14.22470369128046
1 13923U 83022A   85278.90907645  .00000053  00000-0  27764-4 0  1184
2 13923  98.6580 308.7608 0017579 114.6180 245.6831 14.22472895131107
1 13923U 83022A   85281.58199422  .00000043  00000-0  23268-4 0  1193
2 13923  98.6577 311.3857 0017681 107.4410 252.8700 14.22473066131486
1 13923U 83022A   85281.86335400 -.00000143  00000-0  60054-4 0  1200
2 13923  98.6555 311.6625 0017850 107.3410 252.9686 14.22472108131520
1 13923U 83022A   85282.00403491 -.00000085  00000-0  33750-4 0  1212
2 13923  98.6558 311.8006 0017827 107.3013 253.0165 14.22472490131541
1 13923U 83022A   85288.19394338  .00000050  00000-0  26683-4 0  1226
2 13923  98.6548 317.8795 0017851  89.9979 270.3245 14.22473963132429
1 13923U 83022A   85293.39908823  .00000063  00000-0  32264-4 0  1231
2 13923  98.6542 322.9901 0017814  75.5452 284.7701 14.22474906133161
1 13923U 83022A   85299.02626755  .00000055  00000-0  28934-4 0  1249
2 13923  98.6537 328.5147 0017744  59.9348 300.3594 14.22475508133963
1 13923U 83022A   85306.13057228  .00000056  00000-0  29378-4 0  1258
2 13923  98.6532 335.4894 0017597  40.0275 320.2196 14.22476513134978
1 13923U 83022A   85330.25702831  .00000051  00000-0  27433-4 0  1261
2 13923  98.6508 359.1670 0016565 331.7245  28.3031 14.22479643139085
1 13923U 83022A   85330.53838605  .00000054  00000-0  28282-4 0  1278
2 13923  98.6508 359.4431 0016520 330.9514  29.0744 14.22479728139122
1 13923U 83022A   85330.89008350  .00000049  00000-0  26147-4 0  1286
2 13923  98.6508 359.7884 0016509 329.8681  30.1545 14.22479654139171
1 13923U 83022A   85331.24178087  .00000047  00000-0  25257-4 0  1291
2 13923  98.6508   0.1336 0016493 328.8459  31.1740 14.22479657139221
1 13923U 83022A   85347.63086975  .00000042  00000-0  23076-4 0  1309
2 13923  98.6488  16.2126 0015725 278.9265  81.0133 14.22481796141556
1 13923U 83022A   85347.91222751  .00000043  00000-0  23296-4 0  1310
2 13923  98.6488  16.4885 0015722 278.1213  81.8181 14.22481843141590
1 13923U 83022A   85348.05290641  .00000047  00000-0  25216-4 0  1328
2 13923  98.6488  16.6266 0015745 277.7477  82.1923 14.22481939141614
1 13923U 83022A   85348.40460348  .00000046  00000-0  25130-4 0  1335
2 13923  98.6488  16.9717 0015724 276.6589  83.2801 14.22481975141669
1 13923U 83022A   85364.65301354 -.00000265  00000-0 -11466-3 0  1343
2 13923  98.6437  32.9060 0016214 225.9031 134.0799 14.22481986143975
1 13923U 83022A   85365.07505410 -.00000582  00000-0 -25666-3 0  1359
2 13923  98.6432  33.3189 0016000 224.4085 135.5805 14.22479243144038
1 13923U 83022A   85365.35641577 -.00000961  00000-0 -42644-3 0  1362
2 13923  98.6446  33.5955 0015731 225.0093 134.9784 14.22475822144074
1 13923U 83022A   85365.63778410 -.00001345  00000-0 -59845-3 0  1379
2 13923  98.6446  33.8709 0015955 224.1397 135.8442 14.22470788144111
1 13923U 83022A   85365.84880630 -.00001353  00000-0 -60215-3 0  1383
2 13923  98.6445  34.0776 0015956 223.4857 136.5055 14.22470035144147
