1 11416U 79057A   79178.70621363 -.00000019  00000-0  00000-0 0    16
2 11416  98.7565 207.5771 0013961 290.0938  68.6705 14.22643566    06
1 11416U 79057A   79178.70621363 -.00000019  00000-0  00000-0 0    16
2 11416  98.7565 207.5771 0013961 290.0938  68.6705 14.22643566    06
1 11416U 79057A   79178.70651278  .00000000  00000-0  00000-0 0    13
2 11416  98.7735 207.5509 0048143 287.5888  72.2079 14.29664707    12
1 11416U 79057A   79178.70651278  .00000000  00000-0  00000-0 0    13
2 11416  98.7735 207.5509 0048143 287.5888  72.2079 14.29664707    12
1 11416U 79057A   79178.70651278  .00000000  00000-0  00000-0 0    13
2 11416  98.7735 207.5509 0048143 287.5888  72.2079 14.29664680    12
1 11416U 79057A   79178.91752047  .00000926  00000-0  00000-0 0    31
2 11416  98.7392 207.8071 0011227 280.8958  79.1177 14.22139740    40
1 11416U 79057A   79178.91752047  .00000926  00000-0  00000-0 0    31
2 11416  98.7392 207.8071 0011227 280.8958  79.1177 14.22139740    40
1 11416U 79057A   79178.91752048  .00000926  00000-0  00000-0 0    32
2 11416  98.7392 207.8071 0011227 280.8958  79.1177 14.22139703    49
1 11416U 79057A   79183.84253155  .00005659  00000-0  00000-0 0    55
2 11416  98.7560 212.6963 0010459 263.4436  96.2360 14.22115648   747
1 11416U 79057A   79183.84253155  .00005659  00000-0  00000-0 0    55
2 11416  98.7560 212.6963 0010459 263.4436  96.2360 14.22115612   748
1 11416U 79057A   79185.17937736 -.00004844  00000-0  00000-0 0    64
2 11416  98.7478 214.0118 0010388 259.5987 100.2614 14.22101537   932
1 11416U 79057A   79185.17937736 -.00004844  00000-0  00000-0 0    64
2 11416  98.7478 214.0118 0010388 259.5987 100.2614 14.22101498   938
1 11416U 79057A   79186.02370487 -.00004106  00000-0 -18441-2 0    76
2 11416  98.7593 214.8681 0011307 251.1024 108.8825 14.22089170  1055
1 11416U 79057A   79186.02370487 -.00004106  00000-0  08441-3 0    75
2 11416  98.7593 214.8681 0011307 251.1024 108.8825 14.22089195  1052
1 11416U 79057A   79192.63735006 -.00012875  00000-0  08091-3 0   209
2 11416  98.7502 221.4142 0010843 240.2135 119.8001 14.22100639  1981
1 11416U 79057A   79192.63735006 -.00012875  00000-0 -58091-2 0   204
2 11416  98.7502 221.4142 0010843 240.2135 119.8001 14.22100608  1987
1 11416U 79057A   79192.77806549 -.00046535  00000-0 -21017-1 0   218
2 11416  98.7504 221.5540 0011474 239.1602 120.8390 14.22071621  2008
1 11416U 79057A   79192.77806549 -.00046535  00000-0  01017-2 0   216
2 11416  98.7504 221.5540 0011474 239.1602 120.8390 14.22071648  2007
1 11416U 79057A   79193.34093334  .00018122  00000-0  01865-3 0   133
2 11416  98.7519 222.1101 0011259 238.1247 121.9227 14.22124577  2087
1 11416U 79057A   79193.34093335  .00018122  00000-0  81865-2 0   131
2 11416  98.7519 222.1101 0011259 238.1247 121.9227 14.22124565  2084
1 11416U 79057A   79193.83343146  .00000736  00000-0  04062-4 0   142
2 11416  98.7478 222.6012 0011014 232.6741 127.3445 14.22111416  2152
1 11416U 79057A   79193.83343146  .00000736  00000-0  34062-3 0   144
2 11416  98.7478 222.6012 0011014 232.6741 127.3445 14.22111458  2158
1 11416U 79057A   79194.25557796  .00000913  00000-0  02016-4 0   152
2 11416  98.7480 223.0202 0010992 231.8635 128.1574 14.22112465  2212
1 11416U 79057A   79194.25557796  .00000913  00000-0  02016-4 0   152
2 11416  98.7480 223.0202 0010992 231.8635 128.1574 14.22112465  2212
1 11416U 79057A   79194.25557796  .00000913  00000-0  42016-3 0   155
2 11416  98.7480 223.0202 0010992 231.8635 128.1574 14.22112512  2215
1 11416U 79057A   79195.80344763 -.00002842  00000-0  02787-3 0   240
2 11416  98.7457 224.5602 0011691 225.4321 134.5800 14.22117805  2423
1 11416U 79057A   79195.80344763 -.00002842  00000-0 -12787-2 0   241
2 11416  98.7457 224.5602 0011691 225.4321 134.5800 14.22117791  2427
1 11416U 79057A   79197.91388600  .00316530  00000-0  12685+0 0   180
2 11416  98.7508 226.7021 0010869 197.8298 273.1150 14.28276712  2731
1 11416U 79057A   79197.94183336 -.00009356  00000-0 -42360-2 0   174
2 11416  98.7455 226.6674 0010751 225.9207 271.8025 14.21909787  2732
1 11416U 79057A   79198.31260259  .00000414  00000-0  19521-3 0   196
2 11416  98.7481 227.0457 0011388 219.9385  18.7168 14.22113450  2788
1 11416U 79057A   79198.31260259  .00000414  00000-0  09521-4 0   196
2 11416  98.7481 227.0457 0011388 219.9385  18.7168 14.22113419  2783
1 11416U 79057A   79199.18154745  .00001337  00000-0  61157-3 0   203
2 11416  98.7476 227.9095 0011483 216.4196 148.4213 14.22106963  2904
1 11416U 79057A   79199.18154745  .00001337  00000-0  01157-4 0   208
2 11416  98.7476 227.9095 0011483 216.4196 148.4213 14.22106934  2902
1 11416U 79057A   79205.09065005  .00000295  00000-0  14180-3 0   218
2 11416  98.7480 233.7709 0011590 198.4187 161.6574 14.22117176  3742
1 11416U 79057A   79205.09065005  .00000295  00000-0  04180-4 0   218
2 11416  98.7480 233.7709 0011590 198.4187 161.6574 14.22117138  3740
1 11416U 79057A   79205.58315329 -.00005763  00000-0 -25969-2 0   223
2 11416  98.7474 234.2632 0011929 197.2004 162.8788 14.22113142  3814
1 11416U 79057A   79205.58315329 -.00005763  00000-0  05969-3 0   221
2 11416  98.7474 234.2632 0011929 197.2004 162.8788 14.22113132  3813
1 11416U 79057A   79206.56816417  .00000008  00000-0  05041-6 0   235
2 11416  98.7470 235.2385 0011706 193.6986 166.4173 14.22116184  3950
1 11416U 79057A   79206.56816417  .00000008  00000-0  05041-6 0   235
2 11416  98.7470 235.2385 0011706 193.6986 166.4173 14.22116184  3950
1 11416U 79057A   79206.56816417  .00000008  00000-0  75041-5 0   231
2 11416  98.7470 235.2385 0011706 193.6986 166.4173 14.22116176  3951
1 11416U 79057A   79207.27197177  .00001034  00000-0  07464-4 0   250
2 11416  98.7469 235.9367 0012035 191.2609 170.0636 14.22120380  4057
1 11416U 79057A   79207.27197177  .00001034  00000-0  47464-3 0   253
2 11416  98.7469 235.9367 0012035 191.2609 170.0636 14.22120356  4050
1 11416U 79057A   79207.62352103  .00005034  00000-0  22797-2 0   260
2 11416  98.7434 236.2821 0012141 189.3176 170.7902 14.22119640  4109
1 11416U 79057A   79207.62352103  .00005034  00000-0  02797-3 0   269
2 11416  98.7434 236.2821 0012141 189.3176 170.7902 14.22119617  4103
1 11416U 79057A   79208.32709038  .00000528  00000-0  24615-3 0   277
2 11416  98.7464 236.9830 0011930 188.9290 171.1577 14.22119512  4208
1 11416U 79057A   79208.32709038  .00000528  00000-0  04615-4 0   276
2 11416  98.7464 236.9830 0011930 188.9290 171.1577 14.22119522  4209
1 11416U 79057A   79209.45280949  .00000671  00000-0  01130-4 0   285
2 11416  98.7465 238.0986 0012040 185.8933 174.2199 14.22121906  4379
1 11416U 79057A   79209.45280949  .00000671  00000-0  01130-4 0   285
2 11416  98.7465 238.0986 0012040 185.8933 174.2199 14.22121906  4379
1 11416U 79057A   79209.45280949  .00000671  00000-0  31130-3 0   287
2 11416  98.7465 238.0986 0012040 185.8933 174.2199 14.22121915  4379
1 11416U 79057A   79209.52316488  .00004567  00000-0  00686-3 0   317
2 11416  98.7484 238.1692 0012240 184.0532 176.0783 14.22133732  4383
1 11416U 79057A   79209.52316489  .00004567  00000-0  20686-2 0   319
2 11416  98.7484 238.1692 0012240 184.0532 176.0783 14.22133762  4386
1 11416U 79057A   79210.43780848  .00000423  00000-0  09917-4 0   295
2 11416  98.7465 239.0755 0012173 182.8661 177.2341 14.22121429  4514
1 11416U 79057A   79210.43780848  .00000423  00000-0  19917-3 0   295
2 11416  98.7465 239.0755 0012173 182.8661 177.2341 14.22121402  4515
1 11416U 79057A   79211.84495727  .00000411  00000-0  19315-3 0   301
2 11416  98.7440 240.4740 0012202 177.6771 182.4477 14.22122137  4812
1 11416U 79057A   79211.84495727  .00000411  00000-0  09315-4 0   301
2 11416  98.7440 240.4740 0012202 177.6771 182.4477 14.22122097  4817
1 11416U 79057A   79212.12638594  .00003775  00000-0  17112-2 0   335
2 11416  98.7446 240.7513 0012123 175.3994 184.8308 14.22142811  4857
1 11416U 79057A   79212.12638594  .00003775  00000-0  07112-3 0   335
2 11416  98.7446 240.7513 0012123 175.3994 184.8308 14.22142792  4855
1 11416U 79057A   79218.45853095  .00000441  00000-0  00675-4 0   382
2 11416  98.7454 247.0385 0013186 160.7773 199.4170 14.22124958  5757
1 11416U 79057A   79218.45853095  .00000441  00000-0  00675-4 0   382
2 11416  98.7454 247.0385 0013186 160.7773 199.4170 14.22124958  5757
1 11416U 79057A   79218.45853095  .00000441  00000-0  20675-3 0   383
2 11416  98.7454 247.0385 0013186 160.7773 199.4170 14.22124961  5751
1 11416U 79057A   79219.30242602  .00000342  00000-0  06186-4 0   320
2 11416  98.7461 247.8705 0012806 156.9320 201.2687 14.22126770  5773
1 11416U 79057A   79219.30242602  .00000342  00000-0  16186-3 0   320
2 11416  98.7461 247.8705 0012806 156.9320 201.2687 14.22126783  5777
1 11416U 79057A   79220.28750766  .00000289  00000-0  13858-3 0   349
2 11416  98.7476 248.8484 0012855 154.2889 204.3437 14.22126896  6013
1 11416U 79057A   79220.28750766  .00000289  00000-0  03858-4 0   349
2 11416  98.7476 248.8484 0012855 154.2889 204.3437 14.22126865  6019
1 11416U 79057A   79228.44920034  .00000254  00000-0  12228-3 0   355
2 11416  98.7483 256.9476 0013113 132.3570 227.8731 14.22132679  7175
1 11416U 79057A   79228.44920034  .00000254  00000-0  02228-4 0   355
2 11416  98.7483 256.9476 0013113 132.3570 227.8731 14.22132683  7170
1 11416U 79057A   79228.66027046 -.00001084  00000-0 -48499-3 0   364
2 11416  98.7475 257.1561 0013350 131.8793 228.3514 14.22130531  7202
1 11416U 79057A   79228.66027046 -.00001084  00000-0  08499-4 0   360
2 11416  98.7475 257.1561 0013350 131.8793 228.3514 14.22130489  7204
1 11416U 79057A   79229.01205448  .00000480  00000-0  02443-4 0   376
2 11416  98.7467 257.5042 0013187 131.1368 229.1017 14.22133350  7254
1 11416U 79057A   79229.01205448  .00000480  00000-0  22443-3 0   377
2 11416  98.7467 257.5042 0013187 131.1368 229.1017 14.22133350  7254
1 11416U 79057A   79236.68090435  .00000338  00000-0  16053-3 0   390
2 11416  98.7459 265.1106 0013177 108.3067 251.9542 14.22139503  8345
1 11416U 79057A   79236.68090435  .00000338  00000-0  06053-4 0   390
2 11416  98.7459 265.1106 0013177 108.3067 251.9542 14.22139549  8345
1 11416U 79057A   79241.04297849  .00000669  00000-0  30996-3 0   416
2 11416  98.7450 269.4402 0013623  99.8635 260.4103 14.22147738  8968
1 11416U 79057A   79241.04297850  .00000669  00000-0  00996-4 0   416
2 11416  98.7450 269.4402 0013623  99.8635 260.4103 14.22147751  8963
1 11416U 79057A   79241.60582425  .00000740  00000-0  04149-4 0   428
2 11416  98.7456 269.9987 0013644  98.1926 262.0799 14.22149086  9042
1 11416U 79057A   79241.60582425  .00000740  00000-0  34149-3 0   420
2 11416  98.7456 269.9987 0013644  98.1926 262.0799 14.22149107  9046
1 11416U 79057A   79248.50066713  .00000645  00000-0  09905-4 0   431
2 11416  98.7440 276.8394 0013478  79.9808 280.2892 14.22158527 10021
1 11416U 79057A   79255.67688525  .00000743  00000-0  04307-4 0   449
2 11416  98.7441 283.9572 0013090  61.7164 298.5332 14.22167873 11041
1 11416U 79057A   79260.24994406  .00000526  00000-0  04520-4 0   453
2 11416  98.7466 288.4948 0013117  48.1423 312.0876 14.22171688 11697
1 11416U 79057A   79260.24994406  .00000526  00000-0  04520-4 0   453
2 11416  98.7466 288.4948 0013117  48.1423 312.0876 14.22171688 11697
1 11416U 79057A   79263.69731505  .00000905  00000-0  01641-4 0   478
2 11416  98.7474 291.9135 0013020  40.3902 319.8515 14.22179317 12189
1 11416U 79057A   79266.86324203  .00000822  00000-0  07874-4 0   486
2 11416  98.7414 295.0535 0013085  30.9619 329.2331 14.22184944 12636
1 11416U 79057A   79269.60704234  .00000792  00000-0  06495-4 0   492
2 11416  98.7413 297.7731 0012798  23.7384 336.4398 14.22189045 13025
1 11416U 79057A   79270.52163971  .00000800  00000-0  06883-4 0   505
2 11416  98.7400 298.6800 0012584  21.4129 338.7584 14.22190666 13150
1 11416U 79057A   79274.25036760  .00000961  00000-0  04191-4 0   513
2 11416  98.7414 302.3784 0012237  11.1796 348.9668 14.22199440 13683
1 11416U 79057A   79274.25036760  .00000961  00000-0  04191-4 0   513
2 11416  98.7414 302.3784 0012237  11.1796 348.9668 14.22199440 13683
1 11416U 79057A   79275.65742758  .00001027  00000-0  07082-4 0   526
2 11416  98.7422 303.7746 0012132   7.3296 352.8061 14.22203255 13884
1 11416U 79057A   79276.64236856  .00000951  00000-0  03678-4 0   536
2 11416  98.7427 304.7481 0012088   3.7836 356.3860 14.22206116 14028
1 11416U 79057A   79283.53690866  .00001139  00000-0  02162-4 0   544
2 11416  98.7416 311.5862 0011733 342.4484  17.6312 14.22221088 15006
1 11416U 79057A   79289.02435216  .00001141  00000-0  02287-4 0   552
2 11416  98.7396 317.0232 0011584 326.3036  33.7571 14.22234249 15787
1 11416U 79057A   79290.85348543  .00001159  00000-0  03033-4 0   561
2 11416  98.7396 318.8364 0011651 321.1436  38.8913 14.22238731 16040
1 11416U 79057A   79292.68260757  .00001626  00000-0  04077-4 0   573
2 11416  98.7378 320.6491 0011683 314.8673  45.1548 14.22247887 16305
1 11416U 79057A   79292.68260757  .00001626  00000-0  04077-4 0   573
2 11416  98.7378 320.6491 0011683 314.8673  45.1548 14.22247887 16305
1 11416U 79057A   79293.66751832  .00001625  00000-0  04010-4 0   599
2 11416  98.7352 321.6227 0011815 311.7333  48.2820 14.22251129 16447
1 11416U 79057A   79304.21998992  .00001362  00000-0  62131-3 0   611
2 11416  98.7372 332.0896 0011175 275.6668  84.3231 14.22285406 17943
1 11416U 79057A   79304.71243505  .00001202  00000-0  54951-3 0   624
2 11416  98.7381 332.5780 0011143 276.1285  83.8623 14.22285483 18019
1 11416U 79057A   79307.17464084  .00001474  00000-0  67189-3 0   633
2 11416  98.7399 335.0163 0011114 269.3036  90.6871 14.22294815 18365
1 11416U 79057A   79310.05892149  .00001518  00000-0  69169-3 0   641
2 11416  98.7395 337.8765 0011225 261.9334  98.0572 14.22304555 18779
1 11416U 79057A   79312.66179451  .00001578  00000-0  71815-3 0   652
2 11416  98.7369 340.4542 0011228 251.9764 108.0180 14.22312963 19143
1 11416U 79057A   79314.84256282  .00001962  00000-0  89076-3 0   668
2 11416  98.7369 342.6157 0011195 245.0779 114.9267 14.22324145 19453
1 11416U 79057A   79316.24949800  .00002201  00000-0  99817-3 0   671
2 11416  98.7371 344.0102 0011385 240.8594 119.1456 14.22332476 19656
1 11416U 79057A   79318.07850216  .00002502  00000-0  11328-2 0   681
2 11416  98.7380 345.8233 0011358 235.3731 124.6417 14.22344451 19915
1 11416U 79057A   79318.71161521  .00002606  00000-0  11798-2 0   693
2 11416  98.7374 346.4508 0011270 232.7925 127.2283 14.22348987 20009
1 11416U 79057A   79320.54059510  .00002820  00000-0  12758-2 0   708
2 11416  98.7383 348.2636 0011462 227.7852 132.2371 14.22361942 20265
1 11416U 79057A   79329.89641279  .00000843  00000-0  38708-3 0   734
2 11416  98.7364 357.5349 0011854 199.0092 161.0653 14.22391175 21591
1 11416U 79057A   79331.23294698  .00000653  00000-0  30190-3 0   741
2 11416  98.7357 358.8589 0012005 195.0768 165.0055 14.22392455 21781
1 11416U 79057A   79332.21776023  .00000790  00000-0  36371-3 0   757
2 11416  98.7354 359.8344 0012022 192.0956 167.9940 14.22394598 21923
1 11416U 79057A   79344.80918820  .00001451  00000-0  65994-3 0   778
2 11416  98.7328  12.3103 0012775 157.1875 202.9872 14.22422839 23718
1 11416U 79057A   79346.63808577  .00001520  00000-0  69048-3 0   780
2 11416  98.7333  14.1222 0012774 151.6650 208.5228 14.22428846 23974
1 11416U 79057A   79350.57721771  .00001701  00000-0  77184-3 0   790
2 11416  98.7335  18.0248 0012813 140.3013 219.9108 14.22443767 24534
1 11416U 79057A   79353.39085719  .00001796  00000-0  81391-3 0   809
2 11416  98.7335  20.8127 0012845 132.4359 227.7929 14.22454981 24933
1 11416U 79057A   79353.95358244  .00001795  00000-0  81376-3 0   810
2 11416  98.7330  21.3697 0012855 130.8279 229.4015 14.22457031 25014
1 11416U 79057A   79357.32992624  .00001674  00000-0  75875-3 0   825
2 11416  98.7323  24.7137 0012951 121.2261 239.0186 14.22466940 25491
1 11416U 79057A   79357.68163436  .00001018  00000-0  46506-3 0   837
2 11416  98.7302  25.0606 0013169 121.0303 239.2154 14.22461969 25549
1 11416U 79057A   79358.03333662  .00000997  00000-0  45553-3 0   844
2 11416  98.7302  25.4094 0013197 120.3946 239.8541 14.22462553 25591
1 11416U 79057A   79360.07320726  .00000811  00000-0  37210-3 0   855
2 11416  98.7306  27.4303 0013271 114.6311 245.6250 14.22464766 25887
1 11416U 79057A   79360.77661137  .00000705  00000-0  32467-3 0   868
2 11416  98.7306  28.1269 0013231 112.6052 247.6527 14.22464765 25981
1 11416U 79057A   80003.44366214  .00000727  00000-0  33454-3 0   878
2 11416  98.7309  35.7226 0013335  92.0280 268.2428 14.22474848 27074
1 11416U 79057A   80010.19623056  .00001049  00000-0  47830-3 0   891
2 11416  98.7308  42.4110 0013237  72.9891 287.2737 14.22490765 28033
1 11416U 79057A   80012.65808115  .00000898  00000-0  41063-3 0   900
2 11416  98.7297  44.8498 0013170  68.0351 292.2332 14.22498291 28385
1 11416U 79057A   80014.34619554  .00001902  00000-0  86042-3 0   919
2 11416  98.7296  46.5215 0013124  63.2054 297.0466 14.22507470 28624
1 11416U 79057A   80015.89363032  .00001874  00000-0  84766-3 0   927
2 11416  98.7274  48.0538 0012893  57.5855 302.6607 14.22513053 28840
1 11416U 79057A   80016.73768415  .00001520  00000-0  68918-3 0   935
2 11416  98.7287  48.8901 0012811  55.2328 305.0051 14.22513676 28960
1 11416U 79057A   80019.34018029  .00001082  00000-0  49280-3 0   949
2 11416  98.7284  51.4678 0012907  48.7696 311.4595 14.22517420 29336
1 11416U 79057A   80023.70110358  .00000597  00000-0  27585-3 0   968
2 11416  98.7286  55.7871 0012646  37.7085 322.4975 14.22521381 29953
1 11416U 79057A   80026.86628660  .00000557  00000-0  25821-3 0   976
2 11416  98.7291  58.9218 0012886  27.9416 332.2450 14.22523661 30406
1 11416U 79057A   80037.62783536  .00000577  00000-0  26657-3 0  1001
2 11416  98.7289  69.5793 0012466 358.5242   1.5898 14.22536074 31936
1 11416U 79057A   80038.04984817  .00000954  00000-0  43523-3 0  1014
2 11416  98.7254  69.9963 0011741 358.4729   1.6411 14.22548103 31999
1 11416U 79057A   80039.31590148  .00000076  00000-0  38498-4 0  1027
2 11416  98.7254  71.2496 0011741 354.8139   5.2906 14.22544519 32178
1 11416U 79057A   80040.30061239  .00001268  00000-0  57563-3 0  1030
2 11416  98.7265  72.2256 0012620 350.3567   9.7375 14.22545960 32314
1 11416U 79057A   80044.59110229  .00001015  00000-0  46293-3 0  1048
2 11416  98.7287  76.4731 0012001 337.7463  22.3190 14.22554003 32920
1 11416U 79057A   80048.24855820  .00000738  00000-0  33831-3 0  1053
2 11416  98.7254  80.0961 0011689 326.3835  33.6598 14.22558185 33448
1 11416U 79057A   80052.32800824  .00000788  00000-0  36076-3 0  1061
2 11416  98.7249  84.1350 0011485 314.5700  45.4540 14.22565162 34029
1 11416U 79057A   80055.35242107  .00000618  00000-0  28444-3 0  1074
2 11416  98.7248  87.1297 0011292 305.0313  54.9805 14.22567808 34457
1 11416U 79057A   80058.65816496  .00000618  00000-0  28454-3 0  1080
2 11416  98.7247  90.4022 0011251 295.1885  64.8124 14.22572015 34929
1 11416U 79057A   80063.37058503  .00000718  00000-0  02957-4 0  1095
2 11416  98.7244  95.0672 0011432 281.6689  78.3205 14.22580147 35590
1 11416U 79057A   80064.49593670  .00000946  00000-0  03129-4 0  1105
2 11416  98.7218  96.1824 0011157 275.1230  84.8601 14.22582722 35757
1 11416U 79057A   80070.33367962  .00000691  00000-0  01728-4 0  1120
2 11416  98.7244 101.9656 0011231 255.7071 104.2863 14.22589970 36585
1 11416U 79057A   80072.65469975  .00000728  00000-0  03381-4 0  1133
2 11416  98.7259 104.2663 0011234 247.5030 112.4968 14.22593689 36918
1 11416U 79057A   80078.70339532  .00000737  00000-0  03746-4 0  1146
2 11416  98.7236 110.2497 0011424 230.6662 129.3509 14.22602749 37771
1 11416U 79057A   80079.82873025  .00000739  00000-0  03816-4 0  1151
2 11416  98.7235 111.3633 0011417 227.3659 132.6558 14.22604370 37936
1 11416U 79057A   80079.82873025  .00000739  00000-0  03816-4 0  1151
2 11416  98.7235 111.3633 0011417 227.3659 132.6558 14.22604370 37936
1 11416U 79057A   80087.70604491  .00000788  00000-0  06021-4 0  1162
2 11416  98.7239 119.1612 0011384 203.5881 156.4774 14.22616100 39052
1 11416U 79057A   80091.36333433  .00001310  00000-0  09354-4 0  1179
2 11416  98.7207 122.7803 0012142 192.6733 167.4144 14.22627640 39577
1 11416U 79057A   80091.36333433  .00001310  00000-0  09354-4 0  1179
2 11416  98.7207 122.7803 0012142 192.6733 167.4144 14.22627640 39577
1 11416U 79057A   80092.69964661  .00001267  00000-0  07434-4 0  1188
2 11416  98.7186 124.1025 0012171 188.0420 172.0564 14.22630882 39760
1 11416U 79057A   80092.69964661  .00001267  00000-0  07434-4 0  1188
2 11416  98.7186 124.1025 0012171 188.0420 172.0564 14.22630882 39760
1 11416U 79057A   80093.68429448  .00001311  00000-0  09373-4 0  1192
2 11416  98.7191 125.0770 0012240 185.6317 174.4722 14.22633743 39905
1 11416U 79057A   80098.88884247  .00001150  00000-0  02222-4 0  1200
2 11416  98.7193 130.2279 0012242 170.8076 189.3328 14.22644901 40647
1 11416U 79057A   80100.78778942  .00001108  00000-0  00307-4 0  1213
2 11416  98.7193 132.1071 0012277 165.3381 194.8149 14.22648621 40919
1 11416U 79057A   80107.75054056  .00001151  00000-0  02189-4 0  1229
2 11416  98.7200 138.9985 0012534 145.3570 214.8428 14.22665119 41904
1 11416U 79057A   80110.56374331  .00001699  00000-0  06682-4 0  1233
2 11416  98.7204 141.7822 0012552 137.1694 223.0460 14.22676182 42301
1 11416U 79057A   80113.23627653  .00001226  00000-0  05553-4 0  1241
2 11416  98.7164 144.4264 0012982 130.5375 229.6927 14.22680473 42685
1 11416U 79057A   80114.64286833  .00001212  00000-0  04928-4 0  1259
2 11416  98.7138 145.8185 0013282 127.9923 232.2452 14.22683334 42880
1 11416U 79057A   80121.67577863  .00001071  00000-0  08604-4 0  1265
2 11416  98.7148 152.7790 0013347 109.7624 250.4994 14.22698402 43884
1 11416U 79057A   80133.06893919  .00001084  00000-0  09167-4 0  1285
2 11416  98.7149 164.0504 0013450  78.4215 281.8483 14.22721958 45502
1 11416U 79057A   80141.64882622  .00000975  00000-0  04299-4 0  1309
2 11416  98.7123 172.5392 0013247  55.8985 304.3448 14.22741032 46632
1 11416U 79057A   80142.70372314  .00000977  00000-0  04432-4 0  1311
2 11416  98.7126 173.5828 0013207  53.0393 307.1992 14.22743130 46781
1 11416U 79057A   80148.04850312  .00001246  00000-0  06339-4 0  1322
2 11416  98.7122 178.8705 0012881  38.5245 321.6866 14.22756958 47548
1 11416U 79057A   80149.66599109  .00001277  00000-0  07719-4 0  1333
2 11416  98.7116 180.4700 0012826  33.9684 326.2313 14.22761440 47775
1 11416U 79057A   80156.69850096  .00001056  00000-0  07875-4 0  1348
2 11416  98.7108 187.4264 0012463  14.9980 345.1559 14.22776508 48777
1 11416U 79057A   80160.07408704  .00000879  00000-0  00007-4 0  1353
2 11416  98.7113 190.7650 0012400   5.2569 354.8734 14.22780895 49256
1 11416U 79057A   80162.32447264  .00000787  00000-0  05878-4 0  1367
2 11416  98.7118 192.9908 0012302 358.8076   1.3063 14.22783375 49572
1 11416U 79057A   80162.32447264  .00000787  00000-0  05878-4 0  1367
2 11416  98.7118 192.9908 0012302 358.8076   1.3063 14.22783375 49572
1 11416U 79057A   80163.51998839  .00000753  00000-0  04406-4 0  1378
2 11416  98.7121 194.1735 0012261 355.3692   4.7370 14.22784710 49749
1 11416U 79057A   80172.24017307  .00000619  00000-0  08405-4 0  1385
2 11416  98.7103 202.8013 0011423 329.0201  31.0303 14.22796249 50985
1 11416U 79057A   80177.72540792  .00000806  00000-0  06699-4 0  1394
2 11416  98.7105 208.2250 0011341 312.7435  47.2787 14.22806072 51765
1 11416U 79057A   80177.72540792  .00000806  00000-0  06699-4 0  1394
2 11416  98.7105 208.2250 0011341 312.7435  47.2787 14.22806072 51765
1 11416U 79057A   80184.68738534  .00000823  00000-0  37500-3 0  1405
2 11416  98.7110 215.1108 0011244 291.6129  68.3849 14.22818189 52752
1 11416U 79057A   80188.69578166  .00000715  00000-0  02615-4 0  1414
2 11416  98.7112 219.0745 0011253 279.7692  80.2262 14.22822571 53322
1 11416U 79057A   80191.36803961  .00000647  00000-0  09647-4 0  1423
2 11416  98.7113 221.7175 0011159 271.8140  88.1760 14.22824955 53706
1 11416U 79057A   80194.04029756  .00000561  00000-0  05745-4 0  1434
2 11416  98.7114 224.3601 0011079 263.1797  96.8115 14.22826290 54089
1 11416U 79057A   80194.32158759  .00000554  00000-0  05486-4 0  1446
2 11416  98.7114 224.6383 0011062 262.3390  97.6529 14.22826481 54126
1 11416U 79057A   80198.04867655  .00000486  00000-0  02472-4 0  1458
2 11416  98.7113 228.3238 0011011 250.7102 109.2885 14.22828960 54658
1 11416U 79057A   80198.75189953  .00000483  00000-0  02285-4 0  1464
2 11416  98.7114 229.0193 0011014 248.6460 111.3541 14.22829533 54754
1 11416U 79057A   80205.71377990  .00000740  00000-0  03752-4 0  1476
2 11416  98.7097 235.9078 0011322 223.7008 136.3262 14.22840309 55747
1 11416U 79057A   80206.55763853  .00001048  00000-0  07429-4 0  1484
2 11416  98.7093 236.7422 0011464 221.1730 138.8585 14.22843647 55862
1 11416U 79057A   80211.19885564  .00000820  00000-0  07305-4 0  1495
2 11416  98.7076 241.3303 0011518 206.9277 153.1305 14.22850227 56526
1 11416U 79057A   80212.81624318  .00000828  00000-0  07666-4 0  1503
2 11416  98.7076 242.9295 0011564 202.0458 158.0223 14.22853088 56758
1 11416U 79057A   80213.66009794  .00000761  00000-0  04657-4 0  1516
2 11416  98.7074 243.7637 0011608 199.4826 160.5904 14.22853661 56876
1 11416U 79057A   80213.66009794  .00000761  00000-0  04657-4 0  1516
2 11416  98.7074 243.7637 0011608 199.4826 160.5904 14.22853661 56876
1 11416U 79057A   80217.66840122  .00000333  00000-0  05636-4 0  1522
2 11416  98.7057 247.7289 0011878 187.4676 172.6324 14.22855568 57445
1 11416U 79057A   80219.56706958  .00000257  00000-0  02212-4 0  1534
2 11416  98.7072 249.6068 0012023 181.8586 178.2551 14.22856045 57714
1 11416U 79057A   80223.64568174  .00000337  00000-0  05791-4 0  1549
2 11416  98.7075 253.6394 0012310 169.9627 190.1797 14.22859383 58293
1 11416U 79057A   80226.66947350  .00000392  00000-0  08226-4 0  1559
2 11416  98.7077 256.6289 0012378 161.2751 198.8884 14.22862339 58723
1 11416U 79057A   80226.66947350  .00000392  00000-0  08226-4 0  1559
2 11416  98.7077 256.6289 0012378 161.2751 198.8884 14.22862339 58723
1 11416U 79057A   80232.71703420  .00000493  00000-0  02739-4 0  1566
2 11416  98.7080 262.6080 0012534 143.9879 216.2146 14.22869492 59583
1 11416U 79057A   80235.67047918  .00000566  00000-0  05993-4 0  1574
2 11416  98.7086 265.5290 0012686 135.7340 224.4856 14.22874069 60008
1 11416U 79057A   80239.53807264  .00000620  00000-0  08337-4 0  1588
2 11416  98.7086 269.3526 0012728 124.8858 235.3521 14.22879887 60555
1 11416U 79057A   80245.02300322  .00000584  00000-0  27692-3 0  1596
2 11416  98.7085 274.7750 0012836 109.3952 250.8614 14.22886474 61338
1 11416U 79057A   80247.76546095  .00000576  00000-0  26393-3 0  1608
2 11416  98.7087 277.4865 0012896 101.7369 258.5229 14.22889066 61721
1 11416U 79057A   80251.56270465  .00000526  00000-0  24171-3 0  1614
2 11416  98.7089 281.2411 0013029  91.2838 268.9831 14.22892051 62268
1 11416U 79057A   80254.65674488  .00000512  00000-0  23544-3 0  1629
2 11416  98.7089 284.2998 0013117  82.7468 277.5200 14.22894968 62707
1 11416U 79057A   80259.29778256  .00000619  00000-0  28311-3 0  1638
2 11416  98.7042 288.8871 0013099  74.1708 286.0929 14.22902110 63362
1 11416U 79057A   80262.32147648  .00000672  00000-0  30660-3 0  1641
2 11416  98.7046 291.8756 0013065  65.8313 294.4228 14.22906641 63799
1 11416U 79057A   80281.37761220  .00000671  00000-0  30688-3 0  1666
2 11416  98.7028 310.7088 0012606  12.5025 347.6464 14.22929368 66503
1 11416U 79057A   80283.69807224  .00000751  00000-0  34201-3 0  1673
2 11416  98.7033 313.0026 0012406   6.7242 353.4100 14.22934096 66833
1 11416U 79057A   80287.35453916  .00000843  00000-0  38321-3 0  1685
2 11416  98.7030 316.6152 0012268 356.2737   3.8349 14.22941847 67358
1 11416U 79057A   80292.06571944  .00000996  00000-0  45103-3 0  1709
2 11416  98.7032 321.2709 0012227 342.4549  17.6215 14.22954006 68024
1 11416U 79057A   80294.03455697  .00001068  00000-0  48267-3 0  1710
2 11416  98.7031 323.2157 0012057 336.8676  23.1977 14.22959838 68307
1 11416U 79057A   80296.56591088  .00001123  00000-0  50745-3 0  1722
2 11416  98.7032 325.7175 0011975 329.4004  30.6484 14.22966854 68667
1 11416U 74066C   80298.34977714  .00012335  00000-0  11447-2 0 42917
2 11416  81.1763  70.9740 0015530 266.5117  93.4368 14.94219520335607
1 11416U 79057A   80299.65977187  .00001182  00000-0  53346-3 0  1739
2 11416  98.7026 328.7736 0011890 320.5457  39.4857 14.22975759 69101
1 11416U 79057A   80303.87865085  .00001189  00000-0  53607-3 0  1740
2 11416  98.7022 332.9414 0011791 307.9139  52.0970 14.22986226 69707
1 11416U 79057A   80307.74594030  .00001135  00000-0  51186-3 0  1751
2 11416  98.7021 336.7619 0011544 296.4929  63.5058 14.22993567 70252
1 11416U 79057A   80310.62881313  .00001119  00000-0  50516-3 0  1764
2 11416  98.7021 339.6105 0011275 286.8027  73.1914 14.22999698 70661
1 11416U 79057A   80317.80077555  .00001154  00000-0  52070-3 0  1773
2 11416  98.7011 346.6931 0010892 264.0348  95.9593 14.23017497 71680
1 11416U 79057A   80318.57421641  .00001169  00000-0  52753-3 0  1771
2 11416  98.7012 347.4577 0010911 261.8077  98.1866 14.23019702 71793
1 11416U 79057A   80322.37109565  .00001186  00000-0  53481-3 0  1781
2 11416  98.7003 351.2084 0010837 248.9964 111.0055 14.23029442 72335
1 11416U 79057A   80327.71482173  .00001085  00000-0  48977-3 0  1796
2 11416  98.6994 356.4841 0011033 232.5999 127.4203 14.23039945 73096
1 11416U 79057A   80330.66791961  .00000998  00000-0  45162-3 0  1809
2 11416  98.6989 359.3995 0011125 222.7576 137.2731 14.23044519 73511
1 11416U 79057A   80337.76937083  .00000961  00000-0  43449-3 0  1811
2 11416  98.6979   6.4112 0011302 200.7209 159.3514 14.23057753 74527
1 11416U 79057A   80341.98801404  .00001064  00000-0  48041-3 0  1826
2 11416  98.6980  10.5788 0011342 188.2914 171.8082 14.23068631 75124
1 11416U 79057A   80352.67512367  .00001060  00000-0  47817-3 0  1838
2 11416  98.6959  21.1273 0011879 156.9076 203.2639 14.23091944 76642
1 11416U 79057A   80355.62810385  .00001157  00000-0  52108-3 0  1844
2 11416  98.6955  24.0432 0012132 148.1063 212.0858 14.23100672 77066
1 11416U 79057A   80358.37013967  .00001223  00000-0  55000-3 0  1859
2 11416  98.6952  26.7504 0012179 140.8911 219.3151 14.23108862 77452
1 11416U 79057A   80359.70599847  .00001271  00000-0  57154-3 0  1869
2 11416  98.6950  28.0694 0012359 136.4708 223.7452 14.23113164 77645
1 11416U 79057A   80366.66648174  .00001141  00000-0  51344-3 0  1872
2 11416  98.6936  34.9377 0012618 117.4105 242.8349 14.23128335 78634
1 11416U 79057A   81028.50790673  .00000600  00000-0  27387-3 0  1939
2 11416  98.6866  62.4124 0012821  44.2490 315.9787 14.23161701 82594
1 11416U 79057A   81035.32753789  .00000924  00000-0  41657-3 0  1940
2 11416  98.6866  69.1421 0012446  24.7428 335.4349 14.23173483 83564
1 11416U 79057A   81038.63187501  .00000829  00000-0  37494-3 0  1959
2 11416  98.6848  72.4020 0012322  15.7024 344.4510 14.23178656 84031
1 11416U 79057A   81039.82705817  .00000883  00000-0  39818-3 0  1960
2 11416  98.6848  73.5815 0012272  12.3811 347.7719 14.23181244 84209
1 11416U 79057A   81046.29507494  .00000629  00000-0  28591-3 0  1975
2 11416  98.6847  79.9636 0011872 353.2661   6.8361 14.23190185 85126
1 11416U 79057A   81048.61511596  .00000723  00000-0  32767-3 0  1987
2 11416  98.6846  82.2529 0011644 346.5481  13.5453 14.23194004 85452
1 11416U 79057A   81060.98856614  .00001103  00000-0  49541-3 0  1996
2 11416  98.6827  94.4610 0011386 309.1843  50.8405 14.23216609 87210
1 11416U 79057A   81063.02734903  .00001334  00000-0  59698-3 0  2003
2 11416  98.6828  96.4726 0011211 302.8808  57.1311 14.23222894 87500
1 11416U 79057A   81066.26126808  .00001688  00000-0  75346-3 0  2012
2 11416  98.6828  99.6629 0011124 292.8858  67.1332 14.23234062 87967
1 11416U 79057A   81068.15941901  .00001773  00000-0  79107-3 0  2026
2 11416  98.6817 101.5352 0011062 286.5395  73.4526 14.23241224 88232
1 11416U 79057A   81071.32299851  .00001252  00000-0  56067-3 0  2032
2 11416  98.6821 104.6562 0010951 276.5798  83.4057 14.23247871 88689
1 11416U 79057A   81073.15084028  .00001053  00000-0  47290-3 0  2041
2 11416  98.6810 106.4596 0011003 270.5794  89.4157 14.23251095 88942
1 11416U 79057A   81075.75198363  .00001538  00000-0  68650-3 0  2059
2 11416  98.6814 109.0259 0010951 262.4408  97.5617 14.23260877 89315
1 11416U 79057A   81077.08769832  .00001435  00000-0  64147-3 0  2066
2 11416  98.6808 110.3433 0010988 258.2094 101.7812 14.23264280 89509
1 11416U 79057A   81081.30573389  .00001142  00000-0  51183-3 0  2078
2 11416  98.6792 114.5036 0011146 245.2803 114.7204 14.23273702 90103
1 11416U 79057A   81085.31284377  .00001051  00000-0  47188-3 0  2089
2 11416  98.6791 118.4557 0011268 232.4536 127.5595 14.23281868 90678
1 11416U 79057A   81087.56243760  .00001455  00000-0  65003-3 0  2106
2 11416  98.6802 120.6755 0011297 225.9748 134.0671 14.23290329 90995
1 11416U 79057A   81090.16350942  .00001562  00000-0  69721-3 0  2118
2 11416  98.6797 123.2410 0011429 217.9935 142.0440 14.23299184 91364
1 11416U 79057A   81094.17053477  .00001431  00000-0  63924-3 0  2132
2 11416  98.6768 127.1936 0011715 205.2810 154.7956 14.23316356 91934
1 11416U 79057A   81096.13887516  .00002020  00000-0  89852-3 0  2143
2 11416  98.6778 129.1341 0011637 199.8740 160.1930 14.23325982 92210
1 11416U 79057A   81100.56776872  .00001994  00000-0  88697-3 0  2121
2 11416  98.6801 133.5015 0011460 187.4568 173.3904 14.23342044 92843
1 11416U 79057A   81101.34087640  .00002359  00000-0  10477-2 0  2166
2 11416  98.6769 134.2644 0012028 184.3925 175.7265 14.23349414 92952
1 11416U 79057A   81103.73094631  .00003065  00000-0  13584-2 0  2177
2 11416  98.6766 136.6217 0012124 177.2207 182.9126 14.23366348 93291
1 11416U 79057A   81108.15954182  .00002161  00000-0  95952-3 0  2181
2 11416  98.6757 140.9896 0012442 164.5643 195.5772 14.23387918 93921
1 11416U 79057A   81109.98720384  .00002163  00000-0  96007-3 0  2193
2 11416  98.6759 142.7914 0012456 159.3155 200.8549 14.23396034 94189
1 11416U 79057A   81112.09602948  .00002086  00000-0  92626-3 0  2203
2 11416  98.6749 144.8709 0012587 153.3303 206.8549 14.23404459 94487
1 11416U 79057A   81115.11865708  .00001864  00000-0  82873-3 0  2211
2 11416  98.6740 147.8512 0012718 145.1311 215.0623 14.23415135 94913
1 11416U 79057A   81124.04585051  .00001279  00000-0  57097-3 0  2246
2 11416  98.6744 156.6543 0012994 121.3605 238.8830 14.23438400 96181
1 11416U 79057A   81127.98220116  .00001316  00000-0  58710-3 0  2256
2 11416  98.6731 160.5350 0013233 110.5563 249.7078 14.23449436 96745
1 11416U 79057A   81131.77793291  .00001495  00000-0  66586-3 0  2266
2 11416  98.6729 164.2783 0013366 101.0922 259.1810 14.23462015 97281
1 11416U 79057A   81134.30839841  .00001699  00000-0  75516-3 0  2270
2 11416  98.6722 166.7737 0013323  94.4180 265.8486 14.23471758 97641
1 11416U 79057A   81134.30840301  .00001005  00000-0  44949-3 0  2292
2 11416  98.6732 166.7697 0013144  92.0854 268.0172 14.23460121 97649
1 11416U 79057A   81134.30841396  .00001179  00000-0  52641-3 0  2286
2 11416  98.6732 166.7690 0013218  91.9639 268.2483 14.23463359 97646
1 11416U 79057A   81135.01130414  .00001316  00000-0  58681-3 0  2303
2 11416  98.6731 167.4625 0013212  89.9565 270.2121 14.23467926 97747
1 11416U 79057A   81135.01133441  .00001360  00000-0  60650-3 0  2315
2 11416  98.6726 167.4627 0013194  90.2870 270.0548 14.23468894 97742
1 11416U 79057A   81137.54177893  .00001345  00000-0  59946-3 0  2324
2 11416  98.6718 169.9607 0013256  84.9946 275.3737 14.23479004 98105
1 11416U 79057A   81142.60263160  .00000952  00000-0  42649-3 0  2336
2 11416  98.6716 174.9501 0013153  71.9638 288.2856 14.23488928 98821
1 11416U 79057A   81144.28958610  .00000639  00000-0  28887-3 0  2344
2 11416  98.6716 176.6132 0013138  67.6466 292.6072 14.23489919 99061
1 11416U 79057A   81147.45257896  .00001113  00000-0  49684-3 0  2351
2 11416  98.6712 179.7277 0013293  56.4796 303.6749 14.23501132 99511
1 11416U 79057A   81154.83296522 -.00000104  00000-0 -41843-4 0  2362
2 11416  98.6689 187.0073 0013275  37.4685 322.7416 14.23504565100560
1 11416U 79057A   81162.56471454  .00003487  00000-0  15403-2 0  2388
2 11416  98.6713 194.6297 0012376  18.9781 341.1829 14.23510983101668
1 11416U 79057A   81165.02480919  .00000375  00000-0  17277-3 0  2406
2 11416  98.6689 197.0538 0012167  11.0093 349.1361 14.23514167102010
1 11416U 79057A   81166.28999944  .00000396  00000-0  18203-3 0  2412
2 11416  98.6685 198.3007 0012167   6.9776 353.1601 14.23515366102195
1 11416U 79057A   81168.11749289  .00000532  00000-0  24160-3 0  2423
2 11416  98.6686 200.1017 0012125   2.0285 358.0978 14.23518084102455
1 11416U 79057A   81169.38268287  .00000373  00000-0  17186-3 0  2431
2 11416  98.6701 201.3466 0012343 358.6448   1.4631 14.23517361102639
1 11416U 79057A   81170.01527546  .00000173  00000-0  80237-4 0  2446
2 11416  98.6695 201.9699 0012302 356.8519   3.1667 14.23513569102723
1 11416U 79057A   81170.43700004  .00000366  00000-0  16880-3 0  2451
2 11416  98.6699 202.3862 0012369 355.4791   4.5860 14.23517962102781
1 11416U 79057A   81172.75651936  .00000690  00000-0  31123-3 0  2465
2 11416  98.6685 204.6742 0011876 348.5007  11.6619 14.23523535103115
1 11416U 79057A   81175.98974934  .00000435  00000-0  19877-3 0  2479
2 11416  98.6676 207.8611 0011563 339.0590  21.0116 14.23525394103572
1 11416U 79057A   81192.15585872  .00000291  00000-0  03575-4 0  2486
2 11416  98.6678 223.7951 0010933 288.3230  71.6717 14.23538780105871
1 11416U 79057A   81199.88743882  .00000242  00000-0  01400-4 0  2492
2 11416  98.6658 231.4130 0010760 263.2496  96.7577 14.23545265106978
1 11416U 79057A   81203.40177612  .00000242  00000-0  01400-4 0  2511
2 11416  98.6665 234.8775 0010923 252.6629 107.3418 14.23549271107479
1 11416U 79057A   81206.28352565  .00000242  00000-0  01400-4 0  2523
2 11416  98.6665 237.7169 0011040 243.3024 116.7024 14.23552704107882
1 11416U 79057A   81210.36013637  .00000242  00000-0  01400-4 0  2532
2 11416  98.6668 241.7330 0011075 230.6857 129.3343 14.23557568108463
1 11416U 79057A   81213.95541221  .00000390  00000-0  07857-4 0  2542
2 11416  98.6635 245.2496 0011206 219.2527 195.5014 14.23563576108334
1 11416U 79057A   81230.04017080  .00000491  00000-0  02313-4 0  2557
2 11416  98.6665 261.1242 0011748 171.7369 188.4011 14.23578835110627
1 11416U 79057A   81233.13271981  .00000533  00000-0  04185-4 0  2569
2 11416  98.6668 264.1720 0011943 162.9748 197.1838 14.23583126111066
1 11416U 79057A   81234.53841729  .00000964  00000-0  03066-4 0  2573
2 11416  98.6655 265.5577 0012457 158.4145 201.7565 14.23588562111269
1 11416U 79057A   81236.57667613  .00000973  00000-0  03496-4 0  2585
2 11416  98.6656 267.5655 0012623 152.8061 207.3781 14.23592567111553
1 11416U 79057A   81240.09089669  .00001072  00000-0  07807-4 0  2598
2 11416  98.6663 271.0290 0012735 142.8614 217.3449 14.23601341112052
1 11416U 79057A   81244.16736152  .00001137  00000-0  50630-3 0  2601
2 11416  98.6667 275.0471 0012715 131.7055 228.5221 14.23612137112636
1 11416U 79057A   81246.13529510  .00001213  00000-0  53988-3 0  2613
2 11416  98.6664 276.9854 0012838 126.1372 234.1000 14.23618547112914
1 11416U 79057A   81250.63340960  .00001239  00000-0  55101-3 0  2621
2 11416  98.6658 281.4154 0013008 113.6434 246.6111 14.23630418113554
1 11416U 79057A   81257.59135730  .00001259  00000-0  56011-3 0  2634
2 11416  98.6654 288.2692 0013068  94.6489 265.6183 14.23648542114543
1 11416U 79057A   81262.86246321  .00001308  00000-0  58128-3 0  2646
2 11416  98.6653 293.4616 0013065  80.4752 279.7904 14.23663464115299
1 11416U 79057A   81268.13351379  .00001335  00000-0  59262-3 0  2653
2 11416  98.6651 298.6539 0013079  66.3848 293.8702 14.23678304116048
1 11416U 79057A   81277.12931900  .00001332  00000-0  59107-3 0  2662
2 11416  98.6641 307.5141 0012949  42.0711 318.1463 14.23702473117323
1 11416U 79057A   81283.03272327  .00001383  00000-0  61354-3 0  2674
2 11416  98.6634 313.3276 0012761  26.3959 333.7872 14.23719956118164
1 11416U 79057A   81285.14106521  .00001389  00000-0  61630-3 0  2684
2 11416  98.6635 315.4047 0012691  20.2052 339.9636 14.23726024118466
1 11416U 79057A   81289.35771572  .00001458  00000-0  64645-3 0  2692
2 11416  98.6625 319.5564 0012454   8.7857 351.3541 14.23739777119064
1 11416U 79057A   81295.82315786  .00001609  00000-0  71215-3 0  2714
2 11416  98.6614 325.9207 0012196 350.6949   9.4021 14.23763867119983
1 11416U 79057A   81297.58004716  .00001674  00000-0  74006-3 0  2721
2 11416  98.6616 327.6518 0011976 345.8728  14.2117 14.23771492120238
1 11416U 79057A   81299.12610609  .00001717  00000-0  75923-3 0  2735
2 11416  98.6618 329.1758 0012057 340.5229  19.5530 14.23777900120453
1 11416U 79057A   81310.58084191  .00001412  00000-0  02519-4 0  2745
2 11416  98.6566 340.4501 0011215 306.1344  53.8796 14.23813057122088
1 11416U 79057A   81313.53232119  .00001468  00000-0  04995-4 0  2750
2 11416  98.6567 343.3559 0010979 296.9538  63.0525 14.23823166122503
1 11416U 79057A   81315.85132333  .00001669  00000-0  03750-4 0  2766
2 11416  98.6568 345.6392 0010704 290.0345  69.9689 14.23833466122837
1 11416U 79057A   81317.25676637  .00002029  00000-0  09441-4 0  2777
2 11416  98.6577 347.0242 0011013 285.7472  74.2501 14.23843002123035
1 11416U 79057A   81318.87301715  .00002125  00000-0  03623-4 0  2782
2 11416  98.6576 348.6146 0010873 280.8666  79.1290 14.23851585123267
1 11416U 79057A   81323.65147640  .00002122  00000-0  03450-4 0  2807
2 11416  98.6533 353.3147 0010926 264.7074  95.2922 14.23866844123947
1 11416U 79057A   81328.14880384  .00002123  00000-0  03450-4 0  2817
2 11416  98.6529 357.7395 0010807 250.4920 109.4946 14.23883247124586
1 11416U 79057A   81329.27313547  .00002122  00000-0  03450-4 0  2824
2 11416  98.6527 358.8455 0010872 246.9755 113.0333 14.23886585124748
1 11416U 79057A   81330.11638126  .00002123  00000-0  03450-4 0  2834
2 11416  98.6498 359.6753 0010720 243.5260 116.4660 14.23887253124867
1 11416U 79057A   81331.02989856  .00002122  00000-0  03450-4 0  2844
2 11416  98.6538   0.5782 0011150 240.1231 119.8797 14.23888683124995
1 11416U 79057A   81332.01368559  .00002123  00000-0  03450-4 0  2857
2 11416  98.6543   1.5454 0011049 239.0588 120.9423 14.23889828125135
1 11416U 79057A   81332.99747062  .00002123  00000-0  03450-4 0  2865
2 11416  98.6523   2.5122 0010936 235.8574 124.1425 14.23891068125271
1 11416U 79057A   81333.27855399  .00002122  00000-0  03450-4 0  2870
2 11416  98.6521   2.7888 0010931 234.8184 125.1979 14.23891926125314
1 11416U 79057A   81334.12179787  .00002123  00000-0  03450-4 0  2887
2 11416  98.6521   3.6182 0010929 231.8470 128.1672 14.23892689125436
1 11416U 79057A   81335.52720122  .00002122  00000-0  03450-4 0  2897
2 11416  98.6515   5.0009 0011041 227.0861 132.9386 14.23895454125630
1 11416U 79057A   81336.15962892  .00002123  00000-0  03450-4 0  2902
2 11416  98.6510   5.6232 0010896 225.0680 134.9425 14.23896694125726
1 11416U 79057A   81345.57563810  .00002125  00000-0  03450-4 0  2918
2 11416  98.6515  14.8912 0011620 196.0926 163.5276 14.23923492127062
1 11416U 79057A   81349.51073920  .00002125  00000-0  03450-4 0  2936
2 11416  98.6498  18.7613 0011696 185.4752 174.6276 14.23938656127628
1 11416U 79057A   81351.12689916  .00001783  00000-0  08550-4 0  2940
2 11416  98.6523  20.3532 0011560 180.6801 179.4361 14.23941326127859
1 11416U 79057A   81351.61877193  .00001758  00000-0  07448-4 0  2958
2 11416  98.6517  20.8364 0011565 179.4378 180.6807 14.23942757127926
1 11416U 79057A   81352.60251806  .00001625  00000-0  01680-4 0  2961
2 11416  98.6513  21.8039 0011530 176.5618 183.5418 14.23943901128067
1 11416U 79057A   81353.51599762  .00001623  00000-0  01578-4 0  2973
2 11416  98.6510  22.7019 0011503 174.2970 185.8338 14.23946762128196
1 11416U 79057A   81355.55375090  .00001543  00000-0  08104-4 0  2989
2 11416  98.6515  24.7079 0011659 168.5081 191.6365 14.23951244128488
1 11416U 79057A   81356.32669163  .00001475  00000-0  05090-4 0  2998
2 11416  98.6515  25.4677 0011827 165.3971 194.7539 14.23951912128591
1 11416U 79057A   81357.16990556  .00001319  00000-0  08289-4 0  3007
2 11416  98.6510  26.2969 0011749 163.5409 196.6122 14.23950863128715
1 11416U 79057A   81358.15364758  .00001262  00000-0  05798-4 0  3016
2 11416  98.6506  27.2643 0011646 161.1983 198.9625 14.23952293128854
1 11416U 79057A   81359.84006041  .00001098  00000-0  08679-4 0  3020
2 11416  98.6515  28.9251 0011471 156.9678 203.2013 14.23953438129096
1 11416U 79057A   81360.12113111  .00001029  00000-0  05674-4 0  3037
2 11416  98.6512  29.2014 0011569 155.6682 204.5039 14.23952866129134
1 11416U 79057A   81362.58047738  .00000877  00000-0  39021-3 0  3043
2 11416  98.6509  31.6205 0011595 148.6672 211.5192 14.23955054129487
1 11416U 79057A   81365.11008656  .00000790  00000-0  35254-3 0  3061
2 11416  98.6507  34.1087 0011770 141.2421 218.9603 14.23957529129844
1 11416U 79057A   82006.36379189  .00000865  00000-0  38520-3 0  3076
2 11416  98.6507  40.2622 0012363 123.3053 236.9312 14.23969700130739
1 11416U 79057A   82007.97990742  .00000980  00000-0  43511-3 0  3083
2 11416  98.6504  41.8518 0012533 118.9512 241.2930 14.23974079130961
1 11416U 79057A   82012.26611142  .00000987  00000-0  43782-3 0  3093
2 11416  98.6494  46.0671 0012655 106.8791 253.3771 14.23982562131577
1 11416U 79057A   82016.48203147  .00000920  00000-0  40879-3 0  3106
2 11416  98.6475  50.2065 0012747  94.9681 265.2703 14.23988612132173
1 11416U 79057A   82016.90363358  .00000885  00000-0  39297-3 0  3117
2 11416  98.6484  50.6253 0012863  93.7430 266.5200 14.23987910132237
1 11416U 79057A   82019.36291966  .00000775  00000-0  34527-3 0  3125
2 11416  98.6493  53.0469 0012941  87.5331 272.7329 14.23988963132589
1 11416U 79057A   82021.04928760  .00000681  00000-0  30440-3 0  3139
2 11416  98.6498  54.7067 0012908  82.9865 277.2775 14.23989319132828
1 11416U 79057A   82026.88128572  .00000548  00000-0  24664-3 0  3154
2 11416  98.6490  60.4425 0012803  66.8001 293.4527 14.23993572133652
1 11416U 79057A   82035.24274947  .00000708  00000-0  31608-3 0  3167
2 11416  98.6481  68.6669 0012756  44.7052 315.5158 14.24007474134846
1 11416U 79057A   82036.64802132  .00000805  00000-0  35869-3 0  3177
2 11416  98.6498  70.0536 0012762  42.6433 317.5755 14.24011970135045
1 11416U 79057A   82038.12355375  .00000853  00000-0  37929-3 0  3187
2 11416  98.6491  71.5033 0012644  36.9640 323.2436 14.24015931135255
1 11416U 79057A   82040.09092710  .00000925  00000-0  41037-3 0  3193
2 11416  98.6482  73.4355 0012565  31.2178 328.9810 14.24021564135537
1 11416U 79057A   82040.93407883  .00001015  00000-0  44932-3 0  3207
2 11416  98.6491  74.2675 0012534  29.8834 330.3084 14.24025253135651
1 11416U 79057A   82042.05828032  .00001295  00000-0  57132-3 0  3212
2 11416  98.6436  75.3701 0012332  26.2009 333.9796 14.24033584135816
1 11416U 79057A   82042.90143416  .00001243  00000-0  54899-3 0  3223
2 11416  98.6431  76.2002 0012577  23.4189 336.7562 14.24035346135937
1 11416U 79057A   82047.81981048  .00001110  00000-0  49024-3 0  3237
2 11416  98.6428  81.0347 0012354   9.5579 350.5827 14.24044596136633
1 11416U 79057A   82052.31659044  .00000617  00000-0  27576-3 0  3257
2 11416  98.6439  85.4591 0011842 358.0284   2.0849 14.24048350137276
1 11416U 79057A   82052.59763861  .00000589  00000-0  26373-3 0  3263
2 11416  98.6434  85.7349 0011773 357.1162   2.9941 14.24048484137318
1 11416U 79057A   82056.67282751  .00000660  00000-0  29473-3 0  3275
2 11416  98.6426  89.7417 0011646 345.2595  14.8240 14.24054642137896
1 11416U 79057A   82061.02903940  .00000718  00000-0  31972-3 0  3282
2 11416  98.6426  94.0243 0011395 332.7594  27.3002 14.24062330138511
1 11416U 79057A   82062.29373644  .00000801  00000-0  35593-3 0  3291
2 11416  98.6431  95.2689 0011284 329.1940  30.8585 14.24066125138696
1 11416U 79057A   82064.12051812  .00000892  00000-0  39544-3 0  3307
2 11416  98.6435  97.0664 0011288 323.1989  36.8417 14.24071242138959
1 11416U 79057A   82065.03390409  .00000943  00000-0  41797-3 0  3317
2 11416  98.6430  97.9635 0011091 320.8121  39.2280 14.24074367139086
1 11416U 79057A   82068.54692799  .00001016  00000-0  44905-3 0  3320
2 11416  98.6442 101.4214 0010891 310.5077  49.5156 14.24083109139581
1 11416U 79057A   82069.10900645  .00001103  00000-0  48655-3 0  3328
2 11416  98.6410 101.9698 0010947 307.7314  52.2873 14.24087199139660
1 11416U 79057A   82075.08110238  .00000973  00000-0  43031-3 0  3331
2 11416  98.6398 107.8397 0010931 289.5213  70.4781 14.24098090140512
1 11416U 79057A   82078.31304409  .00000935  00000-0  41407-3 0  3349
2 11416  98.6407 111.0183 0010942 279.8641  80.1302 14.24103453140979
1 11416U 79057A   82083.16093319  .00000904  00000-0  40061-3 0  3355
2 11416  98.6410 115.7849 0010912 265.0255  94.9674 14.24111774141665
1 11416U 79057A   82089.34370587  .00000895  00000-0  39605-3 0  3368
2 11416  98.6415 121.8641 0010777 244.5731 115.4335 14.24122840142545
1 11416U 79057A   82094.54281291  .00000937  00000-0  41457-3 0  3375
2 11416  98.6418 126.9774 0010724 226.9699 133.0585 14.24133647143282
1 11416U 79057A   82098.61776003  .00001064  00000-0  46955-3 0  3388
2 11416  98.6402 130.9814 0010922 214.4174 145.6298 14.24143681143868
1 11416U 79057A   82104.58962659  .00001034  00000-0  45657-3 0  3392
2 11416  98.6391 136.8499 0011087 196.8080 163.2728 14.24155812144719
1 11416U 79057A   82108.10247141  .00000724  00000-0  32153-3 0  3400
2 11416  98.6358 140.3022 0011750 185.3144 174.7913 14.24159427145210
1 11416U 79057A   82111.33427776  .00000789  00000-0  35016-3 0  3416
2 11416  98.6365 143.4797 0011949 175.9075 184.2198 14.24164565145679
1 11416U 79057A   82114.56607727  .00000748  00000-0  33219-3 0  3429
2 11416  98.6370 146.6569 0011825 166.6248 193.5244 14.24168519146139
1 11416U 79057A   82120.88913304  .00000686  00000-0  30550-3 0  3439
2 11416  98.6366 152.8691 0012022 148.8335 211.3560 14.24176371147033
1 11416U 79057A   82124.75320200  .00000691  00000-0  30720-3 0  3442
2 11416  98.6364 156.6653 0012249 137.6281 222.5844 14.24181845147589
1 11416U 79057A   82131.07619786  .00000642  00000-0  28620-3 0  3458
2 11416  98.6359 162.8773 0012419 119.7533 240.4879 14.24189104148488
1 11416U 79057A   82132.05977390  .00000608  00000-0  27167-3 0  3463
2 11416  98.6359 163.8439 0012422 117.0368 243.2078 14.24189614148623
1 11416U 79057A   82136.34534003  .00000527  00000-0  23667-3 0  3471
2 11416  98.6354 168.0535 0012612 105.3444 254.9130 14.24193299149238
1 11416U 79057A   82140.34987798  .00000415  00000-0  18760-3 0  3484
2 11416  98.6331 171.9869 0012848  94.4471 265.8177 14.24195390149804
1 11416U 79057A   82145.26771521  .00000399  00000-0  18106-3 0  3491
2 11416  98.6330 176.8204 0012981  81.7606 278.5044 14.24199340150509
1 11416U 79057A   82153.06596337  .00000424  00000-0  19151-3 0  3500
2 11416  98.6350 184.4861 0013281  58.9975 301.2516 14.24206714151619
1 11416U 79057A   82162.69076879  .00000428  00000-0  19312-3 0  3517
2 11416  98.6302 193.9330 0012850  35.9521 324.2516 14.24215571152982
1 11416U 79057A   82185.10157788  .00000403  00000-0  18260-3 0  3522
2 11416  98.6281 215.9445 0011536 332.8844  27.1732 14.24234408156171
1 11416U 79057A   82190.65155764  .00000245  00000-0  11413-3 0  3538
2 11416  98.6274 221.3948 0011026 315.4646  44.5647 14.24236238156961
1 11416U 79057A   82191.35408536  .00000288  00000-0  13295-3 0  3542
2 11416  98.6271 222.0849 0011099 313.3159  46.7097 14.24237044157063
1 11416U 79057A   82197.04455108  .00000602  00000-0  26820-3 0  3550
2 11416  98.6264 227.6727 0010780 295.2758  64.7336 14.24244170157873
1 11416U 79057A   82199.64388735  .00000407  00000-0  18386-3 0  3561
2 11416  98.6253 230.2256 0010768 286.1119  73.8866 14.24247268158246
1 11416U 79057A   82204.06977223  .00000652  00000-0  29035-3 0  3576
2 11416  98.6260 234.5696 0010772 272.7733  87.2214 14.24254417158876
1 11416U 79057A   82208.42539277  .00000618  00000-0  27561-3 0  3588
2 11416  98.6268 238.8477 0010725 260.4694  99.5273 14.24259189159497
1 11416U 79057A   82211.37597350  .00000376  00000-0  17024-3 0  3597
2 11416  98.6249 241.7424 0010820 252.4900 107.5097 14.24259256159914
1 11416U 79057A   82211.51647714  .00000372  00000-0  16856-3 0  3603
2 11416  98.6361 241.8883 0005565 284.4233  75.5031 14.24259284159938
1 11416U 79057A   82211.79750109  .00000319  00000-0  14592-3 0  3613
2 11416  98.6334 242.1641 0010113 250.5089 109.5636 14.24258636159975
1 11416U 79057A   82227.04208158  .00000404  00000-0  18191-3 0  3625
2 11416  98.6257 257.1272 0011240 199.4707 160.6050 14.24270782162142
1 11416U 79057A   82230.13313050  .00000455  00000-0  20445-3 0  3639
2 11416  98.6255 260.1609 0011373 190.1047 169.9913 14.24274735162580
1 11416U 79057A   82239.54674263  .00000378  00000-0  17091-3 0  3647
2 11416  98.6252 269.4074 0014159 160.8176 199.3495 14.24283523163923
1 11416U 79057A   82241.72451953  .00000340  00000-0  15435-3 0  3659
2 11416  98.6246 271.5426 0013435 155.9981 204.1826 14.24284044164233
1 11416U 79057A   82248.04706714  .00000637  00000-0  28318-3 0  3663
2 11416  98.6219 277.7496 0012447 139.9727 220.2379 14.24290121165135
1 11416U 79057A   82259.84906275  .00000430  00000-0  19382-3 0  3670
2 11416  98.6234 289.3344 0012776 107.4638 252.7967 14.24302561166810
1 11416U 79057A   82263.57229138  .00000423  00000-0  19057-3 0  3683
2 11416  98.6234 292.9882 0012826  96.9233 263.3402 14.24305630167347
1 11416U 79057A   82273.12618939  .00000471  00000-0  21148-3 0  3694
2 11416  98.6240 302.3663 0012994  70.9474 289.3126 14.24315157168709
1 11416U 79057A   82277.55185847  .00000541  00000-0  24182-3 0  3703
2 11416  98.6230 306.7079 0012843  58.9290 301.3153 14.24321616169334
1 11416U 79057A   82279.16756919  .00000623  00000-0  27765-3 0  3718
2 11416  98.6225 308.2931 0012738  54.3717 305.8657 14.24325491169567
1 11416U 79057A   82282.67997877  .00000693  00000-0  30761-3 0  3726
2 11416  98.6213 311.7384 0012673  46.2405 313.9819 14.24331828170065
1 11416U 79057A   82306.35334687  .00000643  00000-0  28586-3 0  3774
2 11416  98.6176 334.9621 0011683 339.8051  20.2671 14.24362312173432
1 11416U 79057A   82308.03925621  .00000730  00000-0  32377-3 0  3786
2 11416  98.6171 336.6148 0011606 334.8954  25.1679 14.24366777173679
1 11416U 79057A   82312.53500924  .00000776  00000-0  34351-3 0  3796
2 11416  98.6159 341.0223 0011370 320.7178  39.3176 14.24374872174315
1 11416U 79057A   82318.71664269  .00000743  00000-0  32965-3 0  3800
2 11416  98.6158 347.0843 0011242 301.9723  58.0363 14.24383744175194
1 11416U 79057A   82323.00162247  .00000479  00000-0  21538-3 0  3818
2 11416  98.6137 351.2867 0011018 287.8431  72.1557 14.24386900175800
1 11416U 79057A   82327.00560830  .00000488  00000-0  01914-4 0  3820
2 11416  98.6125 355.2104 0010875 275.4854  84.5091 14.24391079176373
1 11416U 79057A   82327.00560830  .00000488  00000-0  21914-3 0  3821
2 11416  98.6125 355.2104 0010875 275.4854  84.5091 14.24391086176371
1 11416U 79057A   82330.65835159  .00000560  00000-0  04998-4 0  3831
2 11416  98.6134 358.7934 0010726 263.9672  96.0287 14.24396610176895
1 11416U 79057A   82330.65835159  .00000560  00000-0  24998-3 0  3832
2 11416  98.6134 358.7934 0010726 263.9672  96.0287 14.24396629176895
1 11416U 79057A   82333.60863274  .00000608  00000-0  27050-3 0  3845
2 11416  98.6132   1.6855 0010525 253.7347 106.2674 14.24401521177312
1 11416U 79057A   82333.60863274  .00000608  00000-0  07050-4 0  3844
2 11416  98.6132   1.6855 0010525 253.7347 106.2674 14.24401474177319
1 11416U 79057A   82334.10034124  .00000730  00000-0  02343-4 0  3851
2 11416  98.6133   2.1691 0010866 252.5613 107.4378 14.24405003177388
1 11416U 79057A   82334.10034124  .00000730  00000-0  32343-3 0  3853
2 11416  98.6133   2.1691 0010866 252.5613 107.4378 14.24405012177388
1 11416U 79057A   82335.01352226  .00000652  00000-0  08981-4 0  3866
2 11416  98.6131   3.0643 0010854 249.8465 110.1573 14.24405766177513
1 11416U 79057A   82335.01352226  .00000652  00000-0  28981-3 0  3867
2 11416  98.6131   3.0643 0010854 249.8465 110.1573 14.24405813177516
1 11416U 79057A   82346.67406492  .00000936  00000-0  01267-4 0  3871
2 11416  98.6110  14.4937 0011147 213.4598 146.5897 14.24424267179175
1 11416U 79057A   82346.67406492  .00000936  00000-0  41267-3 0  3874
2 11416  98.6110  14.4937 0011147 213.4598 146.5897 14.24424247179173
1 11416U 79057A   82352.57451284  .00000890  00000-0  39254-3 0  3882
2 11416  98.6096  20.2767 0011217 193.1723 166.9157 14.24432826180016
1 11416U 79057A   82352.57451284  .00000890  00000-0  09254-4 0  3880
2 11416  98.6096  20.2767 0011217 193.1723 166.9157 14.24432850180013
1 11416U 79057A   82352.64475780  .00000637  00000-0  28342-3 0  3893
2 11416  98.6105  20.3452 0011001 191.8833 168.2077 14.24429551180025
1 11416U 79057A   82352.64475780  .00000637  00000-0  08342-4 0  3892
2 11416  98.6105  20.3452 0011001 191.8833 168.2077 14.24429512180022
1 11416U 79057A   82352.64475781  .00000638  00000-0  08342-4 0  3906
2 11416  98.6101  20.3456 0011114 192.0647 168.0286 14.24432278180026
1 11416U 79057A   82352.64475781  .00000638  00000-0  28342-3 0  3907
2 11416  98.6101  20.3456 0011114 192.0647 168.0286 14.24432240180025
1 11416U 79057A   82353.48767120  .00000990  00000-0  43610-3 0  3918
2 11416  98.6091  21.1724 0011436 191.0048 169.0880 14.24438387180143
1 11416U 79057A   82353.48767120  .00000990  00000-0  03610-4 0  3915
2 11416  98.6091  21.1724 0011436 191.0048 169.0880 14.24438381180147
1 11416U 79057A   82357.98321468 -.00030610  00000-0 -13211-1 0  3925
2 11416  98.6128  25.5780 0012346 181.0350 179.0807 14.24427912180782
1 11416U 79057A   82357.98321468 -.00030610  00000-0  03211-2 0  3924
2 11416  98.6128  25.5780 0012346 181.0350 179.0807 14.24427891180788
1 11416U 79057A   82358.05345834  .00000634  00000-0  28140-3 0  3938
2 11416  98.6101  25.6470 0011683 179.4020 180.7171 14.24444704180790
1 11416U 79057A   82358.05345834  .00000634  00000-0  08140-4 0  3937
2 11416  98.6101  25.6470 0011683 179.4020 180.7171 14.24444675180797
1 11416U 79057A   82358.33442948  .00000640  00000-0  28445-3 0  3949
2 11416  98.6100  25.9222 0011748 178.4370 181.6855 14.24445113180835
1 11416U 79057A   82358.33442948  .00000640  00000-0  08445-4 0  3948
2 11416  98.6100  25.9222 0011748 178.4370 181.6855 14.24445152180838
1 11416U 79057A   82358.68564272  .00000696  00000-0  30876-3 0  3955
2 11416  98.6096  26.2661 0011805 177.0760 183.0481 14.24445919180882
1 11416U 79057A   82358.68564272  .00000696  00000-0  00876-4 0  3953
2 11416  98.6096  26.2661 0011805 177.0760 183.0481 14.24445915180888
1 11416U 79057A   82359.31782694  .00000695  00000-0  00815-4 0  3967
2 11416  98.6097  26.8857 0011814 175.2533 184.8759 14.24446774180971
1 11416U 79057A   82359.31782695  .00000695  00000-0  30815-3 0  3960
2 11416  98.6097  26.8857 0011814 175.2533 184.8759 14.24446797180976
1 11416U 79057A   82364.65626101  .00000592  00000-0  06309-4 0  3971
2 11416  98.6101  32.1182 0011713 159.4356 200.7294 14.24452019181739
1 11416U 79057A   82364.65626101  .00000592  00000-0  26309-3 0  3972
2 11416  98.6101  32.1182 0011713 159.4356 200.7294 14.24452012181732
1 11416U 79057A   83003.23862079  .00000518  00000-0  03165-4 0  3988
2 11416  98.6093  35.6276 0011831 149.8411 210.3437 14.24454689182245
1 11416U 79057A   83003.23862079  .00000518  00000-0  23165-3 0  3989
2 11416  98.6093  35.6276 0011831 149.8411 210.3437 14.24454707182246
1 11416U 79057A   83007.10194150  .00000478  00000-0  01457-4 0  3994
2 11416  98.6092  39.4135 0012093 139.0859 221.1227 14.24457836182792
1 11416U 79057A   83007.10194151  .00000478  00000-0  21457-3 0  3996
2 11416  98.6092  39.4135 0012093 139.0859 221.1227 14.24457836182792
1 11416U 79057A   83012.51057487  .00000447  00000-0  20115-3 0  4006
2 11416  98.6091  44.7136 0012406 124.0153 236.2209 14.24462274183565
1 11416U 79057A   83012.51057487  .00000447  00000-0  00115-4 0  4005
2 11416  98.6091  44.7136 0012406 124.0153 236.2209 14.24462318183564
1 11416U 79057A   83024.66237234  .00000011  00000-0  07883-6 0  4013
2 11416  98.6067  56.6199 0012857  91.6326 268.6322 14.24468613185290
1 11416U 79057A   83024.66237234  .00000011  00000-0  87883-5 0  4010
2 11416  98.6067  56.6199 0012857  91.6326 268.6322 14.24468622185290
1 11416U 79057A   83027.26130289  .00000295  00000-0  13517-3 0  4027
2 11416  98.6069  59.1675 0012779  82.9556 277.3075 14.24471487185666
1 11416U 79057A   83027.26130289  .00000295  00000-0  03517-4 0  4027
2 11416  98.6069  59.1675 0012779  82.9556 277.3075 14.24471474185662
1 11416U 79057A   83032.59963657  .00000256  00000-0  11871-3 0  4031
2 11416  98.6048  64.3949 0012740  70.6193 289.6357 14.24474376186428
1 11416U 79057A   83032.59963657  .00000256  00000-0  01871-4 0  4031
2 11416  98.6048  64.3949 0012740  70.6193 289.6357 14.24474335186423
1 11416U 79057A   83040.25590250  .00000405  00000-0  18237-3 0  4048
2 11416  98.6054  71.8967 0012592  48.3160 311.9095 14.24481389187510
1 11416U 79057A   83041.37975557  .00000372  00000-0  16795-3 0  4050
2 11416  98.6053  72.9975 0012643  43.8412 316.3769 14.24481815187675
1 11416U 79057A   83051.00272120  .00000127  00000-0  58516-4 0  4064
2 11416  98.6041  82.4253 0011942  19.9115 340.2575 14.24485805189049
1 11416U 79057A   83055.07666806  .00000177  00000-0  80243-4 0  4071
2 11416  98.6038  86.4161 0011935   8.0334 352.1032 14.24487730189624
1 11416U 79057A   83060.90661756  .00000249  00000-0  11480-3 0  4085
2 11416  98.6039  92.1266 0011770 351.3774   8.7202 14.24491217190455
1 11416U 79057A   83066.52582624  .00000362  00000-0  16404-3 0  4093
2 11416  98.6037  97.6302 0011468 334.9074  25.1547 14.24496631191257
1 11416U 79057A   83072.07478337  .00000307  00000-0  13973-3 0  4104
2 11416  98.6024 103.0636 0011450 318.0578  41.9722 14.24499706192043
1 11416U 79057A   83081.90835378  .00000221  00000-0  98878-4 0  4112
2 11416  98.6013 112.6905 0011156 284.6797  75.3145 14.24503912193440
1 11416U 79057A   83089.56447321  .00000263  00000-0  12103-3 0  4122
2 11416  98.6021 120.1917 0010793 261.2151  98.7806 14.24508492194539
1 11416U 79057A   83098.20391630  .00000250  00000-0  11529-3 0  4132
2 11416  98.5981 128.6512 0010804 235.4308 124.5851 14.24514095195767
1 11416U 79057A   83101.57540143  .00000230  00000-0  10632-3 0  4145
2 11416  98.5980 131.9516 0010897 224.9385 135.0908 14.24515555196243
1 11416U 79057A   83113.86723812  .00000289  00000-0  13209-3 0  4154
2 11416  98.5974 143.9838 0011255 187.8792 172.2212 14.24523216197991
1 11416U 79057A   83119.13514462  .00000344  00000-0  15570-3 0  4165
2 11416  98.5974 149.1409 0011574 171.6295 188.5079 14.24527745198742
1 11416U 79057A   83120.25896193  .00000364  00000-0  16453-3 0  4178
2 11416  98.5975 150.2413 0011616 168.4361 191.7088 14.24528972198903
1 11416U 79057A   83157.34455565  .00000275  00000-0  12616-3 0  4181
2 11416  98.5900 186.5292 0013013  67.3352 292.9203 14.24555888204185
1 11416U 79057A   83165.28133759  .00000299  00000-0  13628-3 0  4192
2 11416  98.5911 194.2940 0012938  44.9166 315.3058 14.24561064205319
1 11416U 79057A   83177.01085942  .00000308  00000-0  14040-3 0  4208
2 11416  98.5909 205.7671 0012513  13.6546 346.4972 14.24568860206984
1 11416U 79057A   83189.58314009  .00000226  00000-0  10472-3 0  4217
2 11416  98.5880 218.0625 0011586 337.9801  22.0868 14.24575786208778
1 11416U 79057A   83209.03848852  .00000253  00000-0  11629-3 0  4224
2 11416  98.5896 237.0919 0010712 278.1019  81.8946 14.24586122211544
1 11416U 79057A   83222.59395278  .00000235  00000-0  10878-3 0  4235
2 11416  98.5895 250.3492 0010662 234.2813 125.7375 14.24592822213478
1 11416U 79057A   83235.02559338  .00000260  00000-0  11938-3 0  4243
2 11416  98.5892 262.5062 0010965 195.1630 164.9225 14.24600178215241
1 11416U 79057A   83236.64100072  .00000251  00000-0  11529-3 0  4256
2 11416  98.5890 264.0855 0011010 190.4103 169.6845 14.24600864215478
1 11416U 79057A   83254.41042158  .00000211  00000-0  94925-4 0  4260
2 11416  98.5852 281.4600 0012270 137.8401 222.3724 14.24608904218000
1 11416U 79057A   83261.85528698  .00000198  00000-0  88981-4 0  4274
2 11416  98.5855 288.7381 0012640 117.4293 242.8174 14.24611846219065
1 11416U 79057A   83268.38708629  .00000209  00000-0  93853-4 0  4281
2 11416  98.5857 295.1245 0012818  99.5365 260.7265 14.24614815219996
1 11416U 79057A   83294.79505658  .00000272  00000-0  12488-3 0  4297
2 11416  98.5803 320.9317 0012429  28.9671 331.2196 14.24628248223759
1 11416U 79057A   83302.80167445  .00000190  00000-0  85894-4 0  4300
2 11416  98.5808 328.7555 0013058   3.1500 356.9763 14.24630950224892
1 11416U 79057A   83305.04914020  .00000223  00000-0  10376-3 0  4318
2 11416  98.5807 330.9511 0012439 358.1404   1.9725 14.24632699225210
1 11416U 79057A   83316.14598671  .00000223  00000-0  10357-3 0  4321
2 11416  98.5792 341.7897 0011463 327.8209  32.2269 14.24638102226791
1 11416U 79057A   83329.13907772  .00000219  00000-0  10232-3 0  4338
2 11416  98.5772 354.4768 0010892 287.3602  72.6386 14.24644885228648
1 11416U 79057A   83334.05537443  .00000195  00000-0  88072-4 0  4341
2 11416  98.5770 359.2773 0010789 272.2846  87.7096 14.24646287229344
1 11416U 79057A   84006.91066734  .00000154  00000-0  69850-4 0  4352
2 11416  98.5704  36.2281 0012005 156.1632 204.0106 14.24660602234735
1 11416U 79057A   84017.02408188  .00000166  00000-0  75027-4 0  4366
2 11416  98.5701  46.0970 0012220 127.2948 232.9348 14.24664208236178
1 11416U 79057A   84038.30429647  .00000202  00000-0  90532-4 0  4384
2 11416  98.5678  66.8618 0012874  69.9176 290.3389 14.24671855239206
1 11416U 79057A   84047.01298779  .00000196  00000-0  88005-4 0  4397
2 11416  98.5677  75.3590 0012625  46.7811 313.4421 14.24675221240445
1 11416U 79057A   84062.46382517  .00000278  00000-0  12705-3 0  4403
2 11416  98.5660  90.4336 0011935   3.9250 356.2035 14.24683115242649
1 11416U 79057A   84067.37997889  .00000275  00000-0  12568-3 0  4417
2 11416  98.5648  95.2295 0011020 348.6731  11.4199 14.24686124243342
1 11416U 79057A   84077.14203538  .00000222  00000-0  10305-3 0  4424
2 11416  98.5617 104.7499 0010238 318.2462  41.7936 14.24690577244730
1 11416U 79057A   84089.50257953  .00000274  00000-0  12501-3 0  4435
2 11416  98.5624 116.8056 0010474 279.5331  80.4667 14.24697963246499
1 11416U 79057A   84089.64303998  .00000272  00000-0  12418-3 0  4447
2 11416  98.5624 116.9426 0010480 279.1021  80.8971 14.24698004246512
1 11416U 79057A   84101.30121527  .00000339  00000-0  15299-3 0  4467
2 11416  98.5613 128.3138 0010715 242.5912 117.4178 14.24707554248172
1 11416U 79057A   84110.15016120  .00000265  00000-0  12111-3 0  4471
2 11416  98.5610 136.9417 0010868 215.2615 144.7850 14.24711877249433
1 11416U 79057A   84114.57462570  .00000237  00000-0  10914-3 0  4484
2 11416  98.5611 141.2558 0011073 201.7059 158.3648 14.24713667250066
1 11416U 79057A   84117.38380598  .00000239  00000-0  11031-3 0  4499
2 11416  98.5613 143.9955 0011230 192.8649 167.2245 14.24715134250465
1 11416U 79057A   84136.83728803  .00000230  00000-0  10616-3 0  4517
2 11416  98.5559 162.9592 0012692 136.9887 223.2287 14.24725939253239
1 11416U 79057A   84137.04797459  .00000249  00000-0  11421-3 0  4520
2 11416  98.5559 163.1645 0012682 136.4512 223.7671 14.24726208253265
1 11416U 79057A   84151.37462467  .00000292  00000-0  13278-3 0  4531
2 11416  98.5562 177.1262 0013048  96.6860 263.5805 14.24735001255308
1 11416U 79057A   84153.55170476  .00000291  00000-0  13263-3 0  4543
2 11416  98.5563 179.2480 0013072  90.7213 269.5464 14.24736313255616
1 11416U 79057A   84156.15015203  .00000292  00000-0  13301-3 0  4553
2 11416  98.5563 181.7801 0013140  83.7227 276.5448 14.24737932255982
1 11416U 79057A   84159.59133534  .00000274  00000-0  12550-3 0  4568
2 11416  98.5562 185.1330 0013198  74.2720 285.9914 14.24739612256476
1 11416U 79057A   84169.91485738  .00000228  00000-0  10507-3 0  4571
2 11416  98.5564 195.1931 0013147  47.3638 312.8647 14.24744006257948
1 11416U 79057A   84177.56968741  .00000224  00000-0  99642-4 0  4586
2 11416  98.5561 202.6528 0012626  27.5479 332.6362 14.24747473259032
1 11416U 79057A   84186.83973218  .00000197  00000-0  88547-4 0  4593
2 11416  98.5519 211.6831 0012151   2.0568 358.0659 14.24751368260358
1 11416U 79057A   84196.60134579  .00000205  00000-0  91828-4 0  4606
2 11416  98.5530 221.1932 0011674 334.0301  26.0291 14.24755253261746
1 11416U 79057A   84223.56857293  .00000163  00000-0  73570-4 0  4626
2 11416  98.5529 247.4665 0010620 248.5578 111.4463 14.24764576265587
1 11416U 79057A   84233.54079780  .00000152  00000-0  68779-4 0  4636
2 11416  98.5531 257.1814 0010745 216.6283 143.4162 14.24767680267000
1 11416U 79057A   84250.60590701  .00000129  00000-0  58837-4 0  4642
2 11416  98.5529 273.8054 0011672 164.0902 196.0646 14.24772240269430
1 11416U 79057A   84265.84506603  .00000083  00000-0  39234-4 0  4652
2 11416  98.5492 288.6477 0012727 122.8474 237.3933 14.24776294271603
1 11416U 79057A   84276.87059930  .00000128  00000-0  58694-4 0  4665
2 11416  98.5484 299.3829 0012946  92.2560 268.0102 14.24779661273177
1 11416U 79057A   84281.57575437  .00000113  00000-0  52560-4 0  4674
2 11416  98.5484 303.9643 0012937  79.5781 280.6847 14.24780627273840
1 11416U 79057A   84298.64067096  .00000127  00000-0  58314-4 0  4686
2 11416  98.5469 320.5768 0012591  32.9200 327.2758 14.24785544276273
1 11416U 79057A   84303.34579920  .00000137  00000-0  63070-4 0  4691
2 11416  98.5465 325.1564 0012461  19.9860 340.1805 14.24787165276949
1 11416U 79057A   84325.60732302  .00000143  00000-0  65120-4 0  4706
2 11416  98.5419 346.8182 0011157 315.0265  45.0007 14.24793316280118
1 11416U 79057A   84348.78170005  .00000136  00000-0  62498-4 0  4714
2 11416  98.5399   9.3592 0010927 241.9077 118.0995 14.24799950283416
1 11416U 79057A   84364.51214982  .00000108  00000-0  50426-4 0  4724
2 11416  98.5375  24.6563 0011415 192.5897 167.4999 14.24803560285655
1 11416U 79057A   85002.02340698  .00000102  00000-0  47703-4 0  4733
2 11416  98.5378  28.0711 0011577 182.1945 177.9188 14.24804193286154
1 11416U 79057A   85018.24539459  .00000068  00000-0  32690-4 0  4740
2 11416  98.5367  43.8446 0012324 135.0580 225.1598 14.24806684289099
1 11416U 79057A   85019.93079364  .00000070  00000-0  33543-4 0  4753
2 11416  98.5366  45.4833 0012464 130.4830 229.7439 14.24806997289336
1 11416U 79057A   85054.27070183  .00000057  00000-0  28065-4 0  4768
2 11416  98.5351  78.8694 0012655  38.3710 321.8366 14.24811763293593
1 11416U 79057A   85076.04029167  .00000096  00000-0  44822-4 0  4776
2 11416  98.5316 100.0327 0011498 335.8915  24.1728 14.24815352296698
1 11416U 79057A   85080.11330617  .00000092  00000-0  42960-4 0  4782
2 11416  98.5318 103.9912 0011292 324.2838  35.7586 14.24816130297270
1 11416U 79057A   85085.59080540  .00000095  00000-0  44527-4 0  4791
2 11416  98.5297 109.3162 0010852 307.7900  52.2277 14.24817303298051
1 11416U 79057A   85114.38274723  .00000112  00000-0  51688-4 0  4818
2 11416  98.5290 137.2947 0010924 215.0687 144.9774 14.24823813302799
1 11416U 79057A   85125.47815012  .00000140  00000-0  63835-4 0  4821
2 11416  98.5290 148.0751 0011525 180.9073 179.2093 14.24827214304379
1 11416U 79057A   85138.53979404  .00000146  00000-0  66258-4 0  4837
2 11416  98.5287 160.7642 0012201 142.7891 217.4136 14.24831265306232
1 11416U 79057A   85151.10982646  .00000147  00000-0  66442-4 0  4844
2 11416  98.5278 172.9742 0012951 108.5393 251.7194 14.24835504308021
1 11416U 79057A   85183.34226545  .00000111  00000-0  51170-4 0  4869
2 11416  98.5256 204.2769 0012898  22.0136 338.1595 14.24845106312614
1 11416U 79057A   85186.64273959  .00000137  00000-0  62175-4 0  4872
2 11416  98.5243 207.4788 0012722  13.7780 346.3737 14.24846744313084
1 11416U 79057A   85206.09443244  .00000140  00000-0  63388-4 0  4882
2 11416  98.5216 226.3685 0011328 316.7984  43.2306 14.24852506315858
1 11416U 79057A   85206.30510025  .00000142  00000-0  64490-4 0  4896
2 11416  98.5216 226.5730 0011313 316.1477  43.8807 14.24852599315883
1 11416U 79057A   85224.91406981  .00000108  00000-0  49792-4 0  4900
2 11416  98.5217 244.6423 0010618 256.4897 103.5100 14.24857099318538
1 11416U 79057A   85231.93631262  .00000149  00000-0  67554-4 0  4914
2 11416  98.5208 251.4628 0010779 232.7667 127.2533 14.24859209319530
1 11416U 79057A   85232.07675696  .00000180  00000-0  80429-4 0  4921
2 11416  98.5207 251.5993 0010808 232.3987 127.6208 14.24859502319550
1 11416U 79057A   85232.35764684  .00000143  00000-0  64832-4 0  4938
2 11416  98.5209 251.8719 0010788 231.8347 128.1862 14.24859304319598
1 11416U 79057A   85241.62700209  .00000074  00000-0  35303-4 0  4946
2 11416  98.5215 260.8707 0011147 202.9998 157.0680 14.24860310320919
1 11416U 79057A   85250.40478973  .00000093  00000-0  43379-4 0  4956
2 11416  98.5224 269.3951 0011482 176.5859 183.5405 14.24862419322168
1 11416U 79057A   85256.37367935  .00000072  00000-0  34436-4 0  4965
2 11416  98.5212 275.1898 0012047 159.0651 201.1024 14.24863597323011
1 11416U 79057A   85256.58434596  .00000089  00000-0  41683-4 0  4977
2 11416  98.5211 275.3936 0012138 158.2564 201.9132 14.24863834323045
1 11416U 79057A   85256.58434596  .00000089  00000-0  41683-4 0  4977
2 11416  98.5211 275.3936 0012138 158.2564 201.9132 14.24863834323045
1 11416U 79057A   85280.88117122  .00000078  00000-0  37025-4 0  4984
2 11416  98.5206 298.9783 0012908  91.3229 268.9430 14.24868619326504
1 11416U 79057A   85280.88117122  .00000078  00000-0  37025-4 0  4984
2 11416  98.5206 298.9783 0012908  91.3229 268.9430 14.24868619326504
1 11416U 79057A   85281.16205909  .00000069  00000-0  33484-4 0  4993
2 11416  98.5205 299.2508 0012934  90.7560 269.5102 14.24868500326548
1 11416U 79057A   85281.51316826  .00000075  00000-0  36003-4 0  5003
2 11416  98.5205 299.5917 0012963  89.9058 270.3610 14.24868676326592
1 11416U 79057A   85281.93449953  .00000074  00000-0  35653-4 0  5017
2 11416  98.5206 300.0008 0012971  88.7635 271.5034 14.24868716326654
1 11416U 79057A   85295.55751951  .00000082  00000-0  39002-4 0  5026
2 11416  98.5176 313.2224 0012789  52.7911 307.4434 14.24871687328590
1 11416U 79057A   85305.88009080  .00000116  00000-0  53366-4 0  5031
2 11416  98.5157 323.2391 0012560  24.0725 336.1040 14.24874482330060
1 11416U 79057A   85306.09075515  .00000125  00000-0  57650-4 0  5042
2 11416  98.5156 323.4436 0012548  23.4215 336.7533 14.24874631330096
1 11416U 79057A   85306.37164107  .00000130  00000-0  59492-4 0  5052
2 11416  98.5156 323.7161 0012537  22.6489 337.5241 14.24874745330132
1 11416U 79057A   85320.27548286  .00000123  00000-0  56727-4 0  5062
2 11416  98.5152 337.2034 0011813 343.2816  16.7972 14.24877849332776
1 11416U 79057A   85330.52779167  .00000088  00000-0  41622-4 0  5074
2 11416  98.5143 347.1486 0011159 311.5938  48.4284 14.24880081334236
1 11416U 79057A   85330.87889792  .00000097  00000-0  45706-4 0  5086
2 11416  98.5140 347.4890 0011085 310.3586  49.6626 14.24880196334284
1 11416U 79057A   85331.23000371  .00000138  00000-0  63010-4 0  5090
2 11416  98.5140 347.8294 0011102 309.0979  50.9210 14.24880566334338
1 11416U 79057A   85347.59153780  .00000088  00000-0  41544-4 0  5103
2 11416  98.5136   3.6985 0011137 255.6598 104.3345 14.24884133336663
1 11416U 79057A   85347.87242234  .00000089  00000-0  42006-4 0  5113
2 11416  98.5136   3.9708 0011135 254.8389 105.1560 14.24884208336702
1 11416U 79057A   85348.01286466  .00000089  00000-0  41946-4 0  5128
2 11416  98.5135   4.1070 0011131 254.4808 105.5144 14.24884235336728
1 11416U 79057A   85348.29374922  .00000089  00000-0  42165-4 0  5138
2 11416  98.5135   4.3794 0011127 253.6230 106.3728 14.24884296336766
1 11416U 79057A   85361.56553077  .00000114  00000-0  52699-4 0  5146
2 11416  98.5124  17.2478 0011518 213.0329 147.0133 14.24887870338652
1 11416U 79057A   85364.37437108  .00000110  00000-0  51284-4 0  5150
2 11416  98.5121  19.9706 0011505 204.8075 155.2554 14.24888534339055
1 11416U 79057A   85364.65525494  .00000111  00000-0  51309-4 0  5167
2 11416  98.5119  20.2427 0011514 203.9015 156.1630 14.24888623339099
1 11416U 79057A   85365.07658087  .00000111  00000-0  51522-4 0  5177
2 11416  98.5119  20.6512 0011510 202.6792 157.3880 14.24888735339153
1 11416U 79057A   86015.03363772  .00000096  00000-0  45253-4 0  5200
2 11416  98.5124  35.1526 0012332 158.9948 201.1746 14.24891584341286
1 11416U 79057A   86016.50827480  .00000095  00000-0  44673-4 0  5219
2 11416  98.5103  36.5820 0012207 154.4721 205.7053 14.24891993341494
1 11416U 79057A   86033.08036947  .00000080  00000-0  37868-4 0  5235
2 11416  98.5109  52.6491 0012800 107.5792 252.6787 14.24894734343852
1 11416U 79057A   86033.36125197  .00000080  00000-0  37956-4 0  5241
2 11416  98.5109  52.9214 0012817 106.8431 253.4156 14.24894790343893
1 11416U 79057A   86033.57191374  .00000081  00000-0  38353-4 0  5258
2 11416  98.5107  53.1253 0012846 106.3412 253.9179 14.24894868343923
1 11416U 79057A   86045.93072292  .00000174  00000-0  78218-4 0  5266
2 11416  98.5094  65.1079 0012968  75.2843 284.9777 14.24898809346351
1 11416U 79057A   86049.58218303  .00000067  00000-0  32540-4 0  5276
2 11416  98.5105  68.6494 0012846  65.4237 294.8280 14.24898584346872
1 11416U 79057A   86050.07372479  .00000154  00000-0  69399-4 0  5287
2 11416  98.5105  69.1263 0012785  63.9706 296.2784 14.24899247346948
1 11416U 79057A   86050.28438588  .00000150  00000-0  67960-4 0  5293
2 11416  98.5105  69.3305 0012788  63.2828 296.9658 14.24899293346979
1 11416U 79057A   86060.32588695  .00000074  00000-0  35374-4 0  5305
2 11416  98.5096  79.0652 0012636  35.5441 324.6580 14.24900639348406
1 11416U 79057A   86066.50526443  .00000078  00000-0  36856-4 0  5315
2 11416  98.5104  85.0573 0012456  17.9950 342.1668 14.24901593349283
1 11416U 79057A   86066.92658561  .00000080  00000-0  37925-4 0  5320
2 11416  98.5106  85.4660 0012423  16.7305 343.4297 14.24901688349345
1 11416U 79057A   86067.69900680  .00000088  00000-0  41064-4 0  5335
2 11416  98.5106  86.2151 0012364  14.7031 345.4505 14.24901938349451
1 11416U 79057A   86083.91984238  .00000085  00000-0  40209-4 0  5347
2 11416  98.5103 101.9408 0011446 327.5043  32.5433 14.24905106351768
1 11416U 79057A   86084.20072231  .00000087  00000-0  40638-4 0  5350
2 11416  98.5103 102.2131 0011450 326.6440  33.4016 14.24905181351806
1 11416U 79057A   86084.55182236  .00000082  00000-0  38692-4 0  5368
2 11416  98.5102 102.5533 0011407 325.5337  34.5095 14.24905180351852
1 11416U 79057A   86084.90292260  .00000080  00000-0  38032-4 0  5373
2 11416  98.5102 102.8937 0011394 324.4539  35.5881 14.24905210351904
1 11416U 79057A   86100.91307102  .00000096  00000-0  44555-4 0  5380
2 11416  98.5091 118.4139 0010793 274.5474  85.4472 14.24908743354180
1 11416U 79057A   86101.19395067  .00000095  00000-0  44342-4 0  5392
2 11416  98.5091 118.6861 0010791 273.6884  86.3060 14.24908791354228
1 11416U 79057A   86101.47482935  .00000101  00000-0  47012-4 0  5401
2 11416  98.5089 118.9580 0010774 272.7799  87.2144 14.24909040354267
1 11416U 79057A   86101.89614953  .00000096  00000-0  44622-4 0  5412
2 11416  98.5089 119.3664 0010766 271.4435  88.5505 14.24908958354328
1 11416U 79057A   86117.20407288  .00000112  00000-0  51596-4 0  5423
2 11416  98.5083 134.2052 0010842 222.4329 137.6012 14.24912992356506
1 11416U 79057A   86134.47811278  .00000127  00000-0  57868-4 0  5467
2 11416  98.5062 150.9455 0011761 168.2783 191.8673 14.24917690358964
1 11416U 79057A   86134.89943026  .00000126  00000-0  57341-4 0  5476
2 11416  98.5062 151.3537 0011769 167.0786 193.0697 14.24917775359020
1 11416U 79057A   86135.25052798  .00000126  00000-0  57366-4 0  5482
2 11416  98.5062 151.6941 0011776 166.0714 194.0790 14.24917870359076
1 11416U 79057A   86135.53140631  .00000124  00000-0  56703-4 0  5490
2 11416  98.5064 151.9666 0011794 165.2980 194.8544 14.24917905359110
1 11416U 79057A   86150.20726593  .00000143  00000-0  64656-4 0  5507
2 11416  98.5052 166.1873 0012661 123.5204 236.7187 14.24922513361208
1 11416U 79057A   86151.61165185  .00000146  00000-0  66172-4 0  5516
2 11416  98.5052 167.5483 0012749 119.7483 240.4967 14.24922949361406
1 11416U 79057A   86168.39401428  .00000143  00000-0  64739-4 0  5549
2 11416  98.5039 183.8080 0013203  74.9474 285.3168 14.24928289363791
1 11416U 79057A   86168.60467118  .00000140  00000-0  63519-4 0  5554
2 11416  98.5039 184.0121 0013183  74.4075 285.8559 14.24928271363823
1 11416U 79057A   86169.02598465  .00000140  00000-0  63592-4 0  5563
2 11416  98.5039 184.4204 0013169  73.2903 286.9721 14.24928403363886
1 11416U 79057A   86169.30686032  .00000141  00000-0  63949-4 0  5570
2 11416  98.5039 184.6926 0013173  72.5953 287.6669 14.24928506363929
1 11416U 79057A   86220.21529047  .00000110  00000-0  50623-4 0  5683
2 11416  98.5007 234.0117 0010919 287.3879  72.6104 14.24941919371179
1 11416U 79057A   86220.56638159  .00000120  00000-0  54749-4 0  5691
2 11416  98.5004 234.3514 0010877 286.0960  73.9022 14.24942149371225
1 11416U 79057A   86236.57613388  .00000111  00000-0  51177-4 0  5700
2 11416  98.5024 249.8625 0010792 234.2329 125.7846 14.24945512373501
1 11416U 79057A   86236.92722472  .00000112  00000-0  51318-4 0  5713
2 11416  98.5024 250.2026 0010794 233.1714 126.8477 14.24945598373551
1 11416U 79057A   86237.06766101  .00000111  00000-0  51224-4 0  5722
2 11416  98.5024 250.3387 0010801 232.7236 127.2960 14.24945625373570
1 11416U 79057A   86237.55918821  .00000104  00000-0  48087-4 0  5730
2 11416  98.5023 250.8146 0010827 231.1755 128.8456 14.24945627373641
1 11416U 79057A   86253.92000366  .00000116  00000-0  53472-4 0  5743
2 11416  98.5027 266.6661 0011452 180.4382 179.6790 14.24949482375975
1 11416U 79057A   86254.20087585  .00000113  00000-0  52119-4 0  5758
2 11416  98.5026 266.9382 0011477 179.5011 180.6181 14.24949471376012
1 11416U 79057A   86254.55196592  .00000111  00000-0  51069-4 0  5767
2 11416  98.5026 267.2782 0011493 178.4991 181.6221 14.24949494376069
1 11416U 79057A   86254.90305622  .00000108  00000-0  49578-4 0  5771
2 11416  98.5027 267.6188 0011518 177.3823 182.7419 14.24949475376110
1 11416U 79057A   86270.91274628  .00000091  00000-0  42565-4 0  5782
2 11416  98.5029 283.1293 0012328 130.4904 229.7351 14.24952236376422
1 11416U 79057A   86271.05318206  .00000090  00000-0  42178-4 0  5799
2 11416  98.5030 283.2656 0012347 130.0938 230.1324 14.24952235376449
1 11416U 79057A   86271.26383564  .00000091  00000-0  42397-4 0  5807
2 11416  98.5030 283.4696 0012373 129.5015 230.7264 14.24952290376476
1 11416U 79057A   86271.61492485  .00000090  00000-0  41989-4 0  5815
2 11416  98.5028 283.8092 0012391 128.5276 231.7016 14.24952340376523
1 11416U 79057A   86287.90543841  .00000072  00000-0  34558-4 0  5822
2 11416  98.5003 299.5888 0013125  84.7595 275.5082 14.24955108378847
1 11416U 79057A   86288.25652649  .00000072  00000-0  34567-4 0  5839
2 11416  98.5002 299.9288 0013118  83.8035 276.4638 14.24955172378898
1 11416U 79057A   86289.30978913  .00000097  00000-0  44899-4 0  5848
2 11416  98.4998 300.9486 0013215  83.6570 276.6111 14.24955790379046
1 11416U 79057A   86289.94174772  .00000086  00000-0  40540-4 0  5857
2 11416  98.5000 301.5607 0013181  81.9329 278.3349 14.24955778379136
1 11416U 79057A   86293.59332619  .00000074  00000-0  35758-4 0  5851
2 11416  98.5001 305.0976 0013075  70.8711 289.3880 14.24956272379658
1 11416U 79057A   86296.54246445  .00000081  00000-0  38480-4 0  5853
2 11416  98.4999 307.9536 0013090  62.5043 297.7460 14.24956915380078
1 11416U 79057A   86300.75551135  .00000087  00000-0  41141-4 0  5851
2 11416  98.5000 312.0339 0013005  50.9532 309.2808 14.24957799380672
1 11416U 79057A   86303.56420867  .00000102  00000-0  47688-4 0  5850
2 11416  98.4999 314.7539 0012907  43.2959 316.9232 14.24958643381077
1 11416U 79057A   86306.09176580  .00000116  00000-0  53424-4 0  5862
2 11416  98.5000 317.2022 0012804  36.2354 323.9691 14.24959460381438
1 11416U 79057A   86306.30241782  .00000117  00000-0  53672-4 0  5870
2 11416  98.5000 317.4062 0012802  35.6436 324.5597 14.24959525381463
1 11416U 79057A   86306.58328716  .00000116  00000-0  53507-4 0  5880
2 11416  98.5000 317.6782 0012793  34.8886 325.3130 14.24959592381504
1 11416U 79057A   86307.07480827  .00000120  00000-0  55296-4 0  5890
2 11416  98.5000 318.1542 0012787  33.4085 326.7897 14.24959788381572
1 11416U 79057A   86307.56659697  .00000121  00000-0  55717-4 0  5896
2 11416  98.4997 318.6296 0012769  32.1153 328.0802 14.24959972381643
1 11416U 79057A   86309.53267968  .00000129  00000-0  59232-4 0  5895
2 11416  98.4997 320.5336 0012708  26.7313 333.4518 14.24960643381922
1 11416U 79057A   86311.56898159  .00000126  00000-0  57640-4 0  5891
2 11416  98.4994 322.5050 0012630  21.0077 339.1619 14.24961173382210
1 11416U 79057A   86314.51810422  .00000117  00000-0  54013-4 0  5897
2 11416  98.4995 325.3609 0012487  12.7574 347.3919 14.24961777382631
1 11416U 79057A   86316.48418451  .00000118  00000-0  54657-4 0  5896
2 11416  98.4994 327.2645 0012375   7.3421 352.7937 14.24962322382916
1 11416U 79057A   86318.52048406  .00000115  00000-0  53077-4 0  5894
2 11416  98.4995 329.2367 0012296   1.4671 358.6541 14.24962728383203
1 11416U 79057A   86321.61003726  .00000110  00000-0  51181-4 0  5893
2 11416  98.4993 332.2281 0012168 352.4669   7.6321 14.24963442383643
1 11416U 79057A   86323.22476643  .00000117  00000-0  53599-4 0  5908
2 11416  98.4986 333.7937 0012132 347.9798  12.1091 14.24963854383879
1 11416U 79057A   86323.57611915  .00000117  00000-0  54382-4 0  5900
2 11416  98.4985 334.1333 0012052 347.0970  12.9893 14.24964005383920
1 11416U 79057A   86324.06737150  .00000119  00000-0  54695-4 0  5915
2 11416  98.4985 334.6092 0012055 345.6405  14.4430 14.24964147383995
1 11416U 79057A   86324.20780572  .00000118  00000-0  54486-4 0  5925
2 11416  98.4985 334.7452 0012051 345.2417  14.8408 14.24964172384012
1 11416U 79057A   86324.76954257  .00000117  00000-0  53975-4 0  5931
2 11416  98.4984 335.2888 0012027 343.6240  16.4550 14.24964304384090
1 11416U 79057A   86325.89328229  .00000115  00000-0  53194-4 0  5931
2 11416  98.4983 336.3764 0011965 340.3351  19.7366 14.24964559384252
1 11416U 79057A   86330.52760963  .00000102  00000-0  47796-4 0  5939
2 11416  98.4981 340.8622 0011664 326.7290  33.3154 14.24965415384911
1 11416U 79057A   86332.56390486  .00000109  00000-0  50633-4 0  5935
2 11416  98.4980 342.8334 0011561 320.5674  39.4661 14.24966041385205
1 11416U 79057A   86335.58323564  .00000130  00000-0  59782-4 0  5931
2 11416  98.4981 345.7569 0011387 311.6296  48.3907 14.24967228385632
1 11416U 79057A   86337.54931123  .00000122  00000-0  56458-4 0  5933
2 11416  98.4976 347.6590 0011248 305.4711  54.5418 14.24967694385914
1 11416U 79057A   86339.86646901  .00000112  00000-0  51913-4 0  5937
2 11416  98.4976 349.9025 0011124 298.0771  61.9284 14.24968040386244
1 11416U 79057A   86340.91945807  .00000117  00000-0  54073-4 0  5948
2 11416  98.4974 350.9217 0011084 294.6222  65.3803 14.24968456386397
1 11416U 79057A   86340.98967501  .00000119  00000-0  54557-4 0  5950
2 11416  98.4974 350.9897 0011089 294.3982  65.6044 14.24968497386403
1 11416U 79057A   86341.27054280  .00000118  00000-0  54323-4 0  5965
2 11416  98.4974 351.2616 0011076 293.5439  66.4578 14.24968556386441
1 11416U 79057A   86341.55141068  .00000112  00000-0  51756-4 0  5979
2 11416  98.4973 351.5331 0011076 292.5518  67.4490 14.24968546386481
1 11416U 79057A   86357.56086581  .00000100  00000-0  46709-4 0  5985
2 11416  98.4965   7.0298 0010825 241.5340 118.4750 14.24971958388765
1 11416U 79057A   86358.05238391  .00000097  00000-0  45208-4 0  5997
2 11416  98.4966   7.5057 0010819 239.9963 120.0141 14.24971986388831
1 11416U 79057A   86358.40346829  .00000096  00000-0  45043-4 0  6001
2 11416  98.4965   7.8455 0010818 238.8993 121.1127 14.24972055388884
1 11416U 79057A   86358.68433586  .00000090  00000-0  42197-4 0  6010
2 11416  98.4965   8.1173 0010836 238.0345 121.9781 14.24971996388920
1 11416U 79057A   86364.79319995  .00000101  00000-0  47081-4 0  6027
2 11416  98.4968  14.0316 0010999 218.6044 141.4350 14.24973454389794
